   0.34707   0.52463 
   0.19514   1.41879 
   0.02523   4.45772 
   1.34262   1.23687 
   5.40931   2.13173 
   3.52214   0.62707 
   0.20307   2.03445 
   0.00456   0.38533 
   0.68790   4.48756 
   6.39921   1.07436 
   0.02801   1.04831 
   0.15159   1.85112 
   0.06782   0.23616 
   0.11272   4.38423 
   1.33213   0.12285 
   0.55937   1.68892 
   0.35682   3.70315 
   0.12362   0.03445 
   0.31510   2.77093 
   0.17743   3.28660 
   0.01334   1.89951 
   0.77790   2.46175 
   8.54709   3.78687 
   0.28632   0.56661 
   0.07421   2.22299 
   1.41264   4.21477 
   0.08245   2.17664 
   0.51902   3.81932 
   0.31973   2.82759 
   0.03890   1.70758 
   0.05084   2.60560 
   1.26040   0.02829 
   0.15378   0.40010 
   1.32203   0.04514 
   0.02152   3.17924 
   1.38988   4.30039 
   1.78417   2.45871 
   0.21773   1.37445 
   1.91473   0.71011 
   0.03100   0.08656 
   5.18585   2.42099 
   0.63250   3.98114 
   0.13771   3.00711 
   0.31061   3.34530 
   0.18631   1.11212 
   5.02327   0.08412 
   0.65063   4.81025 
   0.03395   2.24768 
   0.27100   0.11974 
   0.38848   0.33943 
   1.06720   5.92876 
   0.30527   0.03323 
   0.50194   3.32207 
   0.01884   4.66412 
   0.00058   4.47303 
   0.14294   6.00061 
   2.01106   3.50823 
   0.00061   2.02141 
   0.00019   0.18792 
   0.38018   1.04683 
   0.11859   0.18531 
   0.00077   3.82049 
   0.56322   8.14224 
   1.40480   2.31554 
   0.76278   0.10694 
   0.11482   1.61179 
   0.78392   3.91318 
   1.75605   0.00000 
   1.75149   1.79580 
   0.43897   0.13194 
   3.47740   0.05292 
   0.38755   2.78726 
   1.42119   3.91052 
   0.18610   0.06481 
   0.01810   1.09700 
   0.08973   0.10480 
   0.06538   0.27483 
   0.09551   0.05268 
   0.76453   1.17718 
   0.45570   1.58462 
   0.10056   3.26448 
   0.00401   0.17072 
   0.01578   0.04749 
   0.07794   2.12007 
   2.24482   0.04810 
   1.12940   7.61629 
   1.17240   0.61169 
   0.07476   2.33018 
   0.56436   3.77659 
   0.10981   0.46019 
   0.83181   0.79875 
   2.06206   1.03472 
   0.53019   4.87889 
   0.00446   4.15904 
   0.33624   6.96173 
   0.00001   1.17367 
   0.77554   3.76632 
   0.34876   3.39816 
   0.01191   5.86264 
   0.23348   1.51023 
