   0.87750   0.84250   0.69500   0.57500   0.27250 
   0.90750   0.81000   0.70500   0.52750   0.23250 
   0.89000   0.85250   0.71750   0.55000   0.27250 
   0.87500   0.83000   0.68750   0.54500   0.24750 
   0.89500   0.80750   0.71250   0.57750   0.29000 
   0.87000   0.83250   0.69500   0.56500   0.23500 
   0.88250   0.82000   0.69000   0.53750   0.24000 
   0.88750   0.82750   0.68500   0.62750   0.27000 
   0.90500   0.78750   0.74500   0.55250   0.22750 
   0.89750   0.84000   0.70000   0.57500   0.21750 
   0.87250   0.84250   0.69750   0.53750   0.24000 
   0.89000   0.83000   0.72000   0.59500   0.21500 
   0.88750   0.81000   0.70500   0.55500   0.25250 
   0.92250   0.83750   0.70250   0.58000   0.25250 
   0.90750   0.84250   0.72500   0.58750   0.26500 
   0.89500   0.83750   0.74500   0.55750   0.25500 
   0.87750   0.80500   0.70000   0.52750   0.27250 
   0.90250   0.82000   0.70250   0.56500   0.22000 
   0.90000   0.81000   0.70250   0.56250   0.25750 
   0.85750   0.81250   0.68500   0.58000   0.20500 
   0.91250   0.79750   0.73250   0.58500   0.26250 
   0.89750   0.85500   0.75000   0.56500   0.25500 
   0.89250   0.78750   0.67000   0.55000   0.24750 
   0.87500   0.83250   0.73500   0.53250   0.25000 
   0.88250   0.82000   0.76000   0.58750   0.24750 
   0.89000   0.84750   0.71000   0.57750   0.25750 
   0.87000   0.81750   0.70750   0.60750   0.26250 
   0.88500   0.84500   0.69750   0.59500   0.24250 
   0.88500   0.84000   0.70750   0.56000   0.24250 
   0.87500   0.83500   0.69000   0.56250   0.24000 
   0.89500   0.80000   0.72000   0.60000   0.27250 
   0.89250   0.83500   0.72250   0.59500   0.24250 
   0.86250   0.83250   0.73000   0.58000   0.23500 
   0.89250   0.81750   0.74250   0.60500   0.28750 
   0.89250   0.81250   0.71000   0.56500   0.24500 
   0.89750   0.81000   0.75000   0.58750   0.20750 
   0.88500   0.82000   0.72500   0.60000   0.23000 
   0.91250   0.81250   0.74000   0.60250   0.26750 
   0.87500   0.80250   0.70500   0.58000   0.25500 
   0.89750   0.83000   0.68000   0.57500   0.26000 
   0.88250   0.77500   0.68750   0.57250   0.22750 
   0.91750   0.79500   0.69750   0.51750   0.27750 
   0.89750   0.82750   0.74750   0.57750   0.24250 
   0.91250   0.83500   0.71000   0.58750   0.28000 
   0.89750   0.83500   0.67500   0.63500   0.22500 
   0.86500   0.81250   0.66500   0.59000   0.22250 
   0.90750   0.85750   0.72250   0.58250   0.25000 
   0.90750   0.83000   0.73250   0.62500   0.20750 
   0.87750   0.82500   0.69500   0.52500   0.22000 
   0.88250   0.80750   0.70500   0.53500   0.23000 
   0.88000   0.79500   0.66000   0.56750   0.25750 
   0.89250   0.84000   0.70750   0.55500   0.25000 
   0.90000   0.83000   0.75000   0.55500   0.27250 
   0.90000   0.82000   0.69500   0.58250   0.21000 
   0.90250   0.85250   0.69750   0.60000   0.21500 
   0.89250   0.79250   0.74500   0.59750   0.25750 
   0.90750   0.83500   0.72500   0.54500   0.26750 
   0.89000   0.84000   0.70000   0.57750   0.30000 
   0.88500   0.82750   0.70750   0.56750   0.26250 
   0.90250   0.79250   0.70250   0.54500   0.22750 
   0.90250   0.82500   0.70000   0.58250   0.23000 
   0.87750   0.83500   0.69250   0.56250   0.27750 
   0.90000   0.79500   0.67500   0.55250   0.22000 
   0.88250   0.83250   0.66500   0.56000   0.19750 
   0.91750   0.81250   0.70000   0.56750   0.22500 
   0.90000   0.77250   0.76500   0.57250   0.25500 
   0.87500   0.82750   0.73750   0.56250   0.26000 
   0.88500   0.82500   0.70750   0.54000   0.25250 
   0.87750   0.81500   0.67000   0.58250   0.24500 
   0.87750   0.81500   0.64500   0.50250   0.25500 
   0.89000   0.78750   0.71250   0.59750   0.25000 
   0.88750   0.82750   0.72000   0.57500   0.25000 
   0.87250   0.84750   0.70250   0.57750   0.27000 
   0.89000   0.81000   0.72750   0.56750   0.23750 
   0.90000   0.85750   0.73000   0.61000   0.23500 
   0.89000   0.77000   0.72500   0.53250   0.24750 
   0.87250   0.83000   0.69750   0.55000   0.25750 
   0.89750   0.77750   0.70000   0.64250   0.28000 
   0.88500   0.84500   0.73000   0.55000   0.23250 
   0.89000   0.82500   0.73500   0.59500   0.22750 
   0.89250   0.83250   0.70500   0.55250   0.24250 
   0.86500   0.84500   0.71250   0.63250   0.26750 
   0.91000   0.83000   0.75500   0.55250   0.27250 
   0.89250   0.78500   0.70750   0.57250   0.22500 
   0.88500   0.84250   0.75000   0.58000   0.27500 
   0.89250   0.81250   0.73000   0.58250   0.26250 
   0.88000   0.83750   0.69250   0.55250   0.24500 
   0.89000   0.79750   0.68250   0.57250   0.25000 
   0.87750   0.81000   0.74750   0.55250   0.23250 
   0.90250   0.83250   0.73500   0.55750   0.23500 
   0.87750   0.82500   0.66500   0.59250   0.25750 
   0.90500   0.81500   0.73500   0.55500   0.23250 
   0.90500   0.80500   0.73500   0.57250   0.21250 
   0.87750   0.84750   0.71500   0.54500   0.23250 
   0.89250   0.82250   0.72500   0.58250   0.22750 
   0.89000   0.81250   0.75000   0.59750   0.21750 
   0.86750   0.84500   0.69750   0.56500   0.25750 
   0.86000   0.78750   0.69500   0.58250   0.26750 
   0.88750   0.82500   0.72000   0.58500   0.25500 
   0.90250   0.81500   0.70750   0.59500   0.21250 
   0.89000   0.82500   0.69750   0.58750   0.24000 
   0.87000   0.83500   0.65250   0.60250   0.22000 
   0.89500   0.78500   0.71500   0.60000   0.25500 
   0.88750   0.82250   0.76250   0.59750   0.24500 
   0.90500   0.81500   0.71250   0.58750   0.19750 
   0.90250   0.82250   0.75750   0.59500   0.29250 
   0.88250   0.81750   0.72500   0.59000   0.27500 
   0.90000   0.83750   0.67250   0.58500   0.28000 
   0.90250   0.78750   0.68500   0.56750   0.28500 
   0.90250   0.78750   0.66750   0.55000   0.26250 
   0.89750   0.80250   0.70500   0.59500   0.25750 
   0.88000   0.79500   0.69750   0.60500   0.28000 
   0.90750   0.82000   0.69000   0.56750   0.28000 
   0.85250   0.81000   0.66750   0.55250   0.24500 
   0.86750   0.79750   0.72250   0.55500   0.25750 
   0.86500   0.82750   0.70000   0.54750   0.25750 
   0.88750   0.82250   0.72750   0.57250   0.26000 
   0.89750   0.79500   0.74250   0.56500   0.22750 
   0.91250   0.80250   0.68750   0.57500   0.23750 
   0.91750   0.82750   0.71000   0.53750   0.23000 
   0.88250   0.81000   0.71500   0.54750   0.24750 
   0.86750   0.82500   0.70500   0.58750   0.23750 
   0.87750   0.82500   0.72750   0.58000   0.22250 
   0.88750   0.82250   0.69750   0.57500   0.28000 
   0.89500   0.84750   0.72250   0.60500   0.23500 
   0.88000   0.82000   0.69000   0.56000   0.24250 
   0.92000   0.81250   0.72750   0.51500   0.22500 
   0.91250   0.80250   0.75000   0.59000   0.22750 
   0.89250   0.81250   0.70250   0.56500   0.27500 
   0.86500   0.84500   0.67000   0.53750   0.23500 
   0.87000   0.81250   0.71750   0.55250   0.26000 
   0.86000   0.80000   0.73500   0.56500   0.19000 
   0.90000   0.79250   0.75750   0.56750   0.23750 
   0.91000   0.78250   0.71250   0.60250   0.27250 
   0.88750   0.81500   0.71750   0.54250   0.26750 
   0.92500   0.81250   0.72750   0.55000   0.24500 
   0.86250   0.82500   0.77000   0.56500   0.20000 
   0.88750   0.82250   0.72750   0.55250   0.22500 
   0.91000   0.82250   0.72250   0.56250   0.22750 
   0.88750   0.81500   0.71250   0.56000   0.27000 
   0.89000   0.80000   0.71250   0.57250   0.22750 
   0.90000   0.79250   0.74250   0.58500   0.26000 
   0.89250   0.78000   0.71750   0.54500   0.21000 
   0.89500   0.81750   0.72000   0.62500   0.23500 
   0.85750   0.81250   0.75250   0.60500   0.24750 
   0.87500   0.83000   0.67500   0.56500   0.23250 
   0.88000   0.81750   0.72750   0.55750   0.27000 
   0.90000   0.82250   0.70250   0.59000   0.27500 
   0.90000   0.78500   0.70250   0.59000   0.22750 
   0.90250   0.78250   0.67500   0.53500   0.22250 
   0.86750   0.81250   0.72250   0.54250   0.25500 
   0.88750   0.80750   0.76250   0.56000   0.24750 
   0.88500   0.83000   0.73750   0.54750   0.25500 
   0.92250   0.83500   0.67750   0.54750   0.24250 
   0.88500   0.82750   0.73250   0.56500   0.21500 
   0.90250   0.81750   0.67500   0.54500   0.26250 
   0.88250   0.81250   0.71500   0.54500   0.22000 
   0.87250   0.84250   0.69750   0.56750   0.25250 
   0.86500   0.84250   0.71000   0.55750   0.25500 
   0.89250   0.82500   0.68750   0.52250   0.22000 
   0.90000   0.86500   0.72750   0.54250   0.24000 
   0.87000   0.81000   0.71500   0.58750   0.21000 
   0.90000   0.78750   0.67250   0.53750   0.27000 
   0.89250   0.84500   0.71000   0.56750   0.22500 
   0.90500   0.81750   0.71750   0.55750   0.26750 
   0.89750   0.81000   0.73500   0.61500   0.25250 
   0.87000   0.84750   0.69250   0.55750   0.28250 
   0.90000   0.82250   0.71250   0.60750   0.25500 
   0.88000   0.80000   0.73250   0.57250   0.24000 
   0.91250   0.83000   0.68750   0.58000   0.22750 
   0.87500   0.80250   0.70250   0.56500   0.22750 
   0.89500   0.85750   0.74000   0.59250   0.26250 
   0.88500   0.79750   0.71500   0.57250   0.25750 
   0.86000   0.82500   0.70000   0.58750   0.27000 
   0.86750   0.82000   0.70000   0.60500   0.23250 
   0.87000   0.80500   0.70750   0.58500   0.26000 
   0.89250   0.82500   0.73750   0.55750   0.27750 
   0.88500   0.83750   0.78250   0.53000   0.25500 
   0.88500   0.83250   0.72250   0.57500   0.21000 
   0.90250   0.81750   0.69750   0.57250   0.24750 
   0.90500   0.80000   0.72250   0.60250   0.23250 
   0.85750   0.82000   0.72250   0.57750   0.25000 
   0.87500   0.83500   0.71750   0.56250   0.26250 
   0.89750   0.83250   0.71750   0.57250   0.23500 
   0.86000   0.78500   0.69250   0.60000   0.24500 
   0.88500   0.82000   0.71500   0.56000   0.25500 
   0.89750   0.83750   0.71750   0.60750   0.29500 
   0.90750   0.81000   0.72500   0.59000   0.22500 
   0.89250   0.81000   0.73250   0.60000   0.26000 
   0.87000   0.80500   0.71250   0.59750   0.23000 
   0.89000   0.83500   0.74000   0.59250   0.26500 
   0.91000   0.81000   0.71500   0.58750   0.22250 
   0.88250   0.82000   0.70000   0.57000   0.25000 
   0.90750   0.81500   0.69500   0.55500   0.28250 
   0.90000   0.80750   0.65500   0.60250   0.21750 
   0.89750   0.85500   0.66250   0.52500   0.23500 
   0.90750   0.77750   0.70000   0.55250   0.25750 
   0.88500   0.81250   0.73250   0.59500   0.23000 
   0.89000   0.78500   0.73250   0.58250   0.24750 
   0.90500   0.81750   0.70250   0.60500   0.25750 
   0.88500   0.80750   0.70000   0.55000   0.25000 
   0.90750   0.82250   0.74500   0.61500   0.26500 
   0.87000   0.85000   0.70500   0.55750   0.23750 
   0.86750   0.81000   0.65500   0.60500   0.26250 
   0.89500   0.83000   0.73500   0.57500   0.25250 
   0.89500   0.81250   0.73750   0.57250   0.22750 
   0.86750   0.85000   0.69500   0.56000   0.23000 
   0.89750   0.84750   0.72250   0.60250   0.22750 
   0.89000   0.85000   0.71250   0.57000   0.29250 
   0.89250   0.80750   0.69500   0.57750   0.26750 
   0.88250   0.79500   0.72250   0.54750   0.23750 
   0.86750   0.82750   0.65750   0.60500   0.20500 
   0.89000   0.84000   0.65750   0.58500   0.25500 
   0.91250   0.78000   0.73250   0.55750   0.26250 
   0.89750   0.80250   0.72500   0.54750   0.20250 
   0.90000   0.82500   0.76250   0.57750   0.25500 
   0.89000   0.80500   0.68500   0.62000   0.25500 
   0.90000   0.83000   0.71750   0.57750   0.24000 
   0.88750   0.81000   0.70750   0.59000   0.27000 
   0.89000   0.80250   0.70500   0.55500   0.27750 
   0.89500   0.81250   0.70250   0.51500   0.20250 
   0.89000   0.85500   0.70500   0.58750   0.25500 
   0.87000   0.82000   0.73750   0.57250   0.26250 
   0.89250   0.81750   0.73000   0.57000   0.22000 
   0.90250   0.80250   0.71500   0.55500   0.25000 
   0.88750   0.81000   0.70750   0.58250   0.25250 
   0.87750   0.85750   0.74250   0.59000   0.24500 
   0.89000   0.84750   0.72250   0.57500   0.23500 
   0.90750   0.81000   0.71500   0.56750   0.22750 
   0.88250   0.80500   0.67750   0.59500   0.26250 
   0.90000   0.79250   0.66000   0.55500   0.20250 
   0.87250   0.81000   0.74500   0.58000   0.25250 
   0.89500   0.83000   0.76500   0.54750   0.26500 
   0.90000   0.83250   0.65000   0.53000   0.28250 
   0.89250   0.81000   0.75250   0.60000   0.21000 
   0.90500   0.80250   0.71000   0.54750   0.27750 
   0.90500   0.85500   0.70500   0.55500   0.23250 
   0.89500   0.81500   0.67500   0.53500   0.28000 
   0.90500   0.80750   0.73250   0.57250   0.26250 
   0.92250   0.82000   0.70250   0.59000   0.21500 
   0.87500   0.83500   0.74500   0.53250   0.24750 
   0.90000   0.82750   0.71250   0.59500   0.21750 
   0.87250   0.82250   0.74500   0.53750   0.21500 
   0.87750   0.82750   0.69750   0.58750   0.24250 
   0.87250   0.84500   0.73750   0.53000   0.20750 
   0.87250   0.83500   0.67250   0.56000   0.25750 
   0.89000   0.80750   0.73500   0.53750   0.27500 
   0.87750   0.79750   0.70750   0.61000   0.27750 
   0.90750   0.81500   0.72750   0.57750   0.26250 
   0.88750   0.82000   0.73500   0.58500   0.24250 
   0.83750   0.82250   0.70000   0.56750   0.25250 
   0.91500   0.79250   0.68000   0.55000   0.20500 
   0.89000   0.84750   0.70250   0.59000   0.25500 
   0.88750   0.82750   0.71000   0.56500   0.20750 
   0.89500   0.82000   0.73250   0.59750   0.24750 
   0.91750   0.82250   0.73250   0.56500   0.27250 
   0.89750   0.79500   0.68750   0.59000   0.23250 
   0.87250   0.81750   0.71000   0.57250   0.25750 
   0.87750   0.82500   0.71500   0.57250   0.26750 
   0.87500   0.83250   0.70000   0.58500   0.20750 
   0.90250   0.79500   0.72000   0.58000   0.28250 
   0.90500   0.79750   0.71500   0.60000   0.24500 
   0.89500   0.81000   0.69250   0.61250   0.24500 
   0.88000   0.82750   0.70000   0.50000   0.21250 
   0.90250   0.81000   0.68750   0.54750   0.26000 
   0.88500   0.79250   0.73500   0.57500   0.22250 
   0.88750   0.84250   0.73500   0.57250   0.27250 
   0.89750   0.82250   0.73000   0.55500   0.25500 
   0.89500   0.83000   0.73500   0.57250   0.23000 
   0.89500   0.85250   0.69250   0.57000   0.25250 
   0.90000   0.80500   0.71750   0.55000   0.26500 
   0.89750   0.79000   0.75500   0.56500   0.25500 
   0.87500   0.80500   0.67250   0.59750   0.27000 
   0.90750   0.84750   0.70000   0.59500   0.25500 
   0.88500   0.80500   0.69250   0.56500   0.21500 
   0.90000   0.84750   0.73750   0.58500   0.28500 
   0.91000   0.81500   0.69500   0.56250   0.25500 
   0.88250   0.84000   0.69500   0.60750   0.24500 
   0.88000   0.82500   0.68500   0.56500   0.26250 
   0.88750   0.80500   0.73000   0.57250   0.24750 
   0.88750   0.80500   0.69750   0.54750   0.21250 
   0.89750   0.81750   0.70750   0.57750   0.24250 
   0.87750   0.82750   0.71000   0.56250   0.22000 
   0.91750   0.78500   0.72750   0.53750   0.22500 
   0.89000   0.80250   0.71500   0.55250   0.23000 
   0.89500   0.81250   0.73750   0.56000   0.24250 
   0.87250   0.81000   0.70250   0.52500   0.24500 
   0.85750   0.80750   0.68250   0.56000   0.24750 
   0.90750   0.82250   0.67750   0.59750   0.26750 
   0.89250   0.80750   0.73500   0.59750   0.19750 
   0.88250   0.84250   0.74750   0.55750   0.22000 
   0.87250   0.80000   0.73500   0.59500   0.24250 
   0.92500   0.81000   0.73250   0.58750   0.25000 
   0.87500   0.83000   0.71250   0.55500   0.27250 
   0.88500   0.82000   0.69750   0.54250   0.27500 
   0.90750   0.80750   0.72000   0.57000   0.22250 
   0.91750   0.82750   0.73750   0.55250   0.21000 
   0.90750   0.83000   0.68750   0.58250   0.26500 
   0.89250   0.78750   0.69250   0.58750   0.23750 
   0.92250   0.82750   0.70250   0.54750   0.25750 
   0.86500   0.80750   0.70000   0.61500   0.26500 
   0.89750   0.81000   0.74750   0.58500   0.24000 
   0.87250   0.82750   0.70500   0.58000   0.28250 
   0.87000   0.80500   0.76250   0.58750   0.26000 
   0.88250   0.84500   0.74500   0.58500   0.24750 
   0.88750   0.85250   0.71500   0.59250   0.24500 
   0.87500   0.83000   0.72000   0.53000   0.21000 
   0.91000   0.83750   0.68250   0.55750   0.21000 
   0.87750   0.80750   0.74500   0.57500   0.21750 
   0.90750   0.76750   0.67750   0.54750   0.23000 
   0.86000   0.84250   0.73500   0.62000   0.25750 
   0.88250   0.81250   0.67500   0.54500   0.24750 
   0.91000   0.82500   0.73000   0.57500   0.27250 
   0.88000   0.81500   0.70500   0.56000   0.22000 
   0.92500   0.84250   0.73500   0.54500   0.21250 
   0.88750   0.80750   0.74250   0.56500   0.25000 
   0.89000   0.81250   0.74500   0.57250   0.24250 
   0.88750   0.81500   0.72500   0.56250   0.26500 
   0.90000   0.83000   0.70750   0.63000   0.28000 
   0.87750   0.80000   0.72250   0.56000   0.24500 
   0.89750   0.83500   0.70750   0.54750   0.24750 
   0.87750   0.84000   0.68000   0.57750   0.23000 
   0.89750   0.83000   0.73500   0.56750   0.24250 
   0.87750   0.84000   0.65500   0.58250   0.24500 
   0.87500   0.82000   0.71750   0.54000   0.23750 
   0.88500   0.81750   0.73250   0.58250   0.20750 
   0.89250   0.81750   0.70000   0.54500   0.24000 
   0.87000   0.82750   0.76000   0.53750   0.24000 
   0.90000   0.80000   0.68000   0.60000   0.27000 
   0.87000   0.81250   0.74250   0.52000   0.23000 
   0.90250   0.81000   0.72000   0.57250   0.26500 
   0.90250   0.82750   0.73500   0.60500   0.24250 
   0.92000   0.81250   0.73500   0.62250   0.25000 
   0.87750   0.82000   0.71250   0.54500   0.22750 
   0.91250   0.84500   0.68750   0.55000   0.24000 
   0.91000   0.80750   0.72500   0.57750   0.24250 
   0.91750   0.79000   0.75500   0.54500   0.25250 
   0.87000   0.83500   0.71250   0.56250   0.25250 
   0.92000   0.84750   0.72000   0.56750   0.25000 
   0.87500   0.82000   0.74250   0.58750   0.20250 
   0.91250   0.83250   0.70750   0.58250   0.24250 
   0.87750   0.82750   0.69750   0.59500   0.21250 
   0.89000   0.82250   0.69750   0.50500   0.22000 
   0.93000   0.81000   0.69750   0.56500   0.27750 
   0.89500   0.80500   0.70000   0.53750   0.21500 
   0.89500   0.83250   0.67500   0.58250   0.26000 
   0.87500   0.79250   0.69500   0.54750   0.24500 
   0.88000   0.81250   0.69750   0.56250   0.26750 
   0.86500   0.83500   0.72750   0.59500   0.23750 
   0.88500   0.84000   0.70000   0.54500   0.22000 
   0.87500   0.79500   0.70000   0.61000   0.22000 
   0.90000   0.80000   0.71250   0.55250   0.24500 
   0.89500   0.78750   0.73250   0.53500   0.22500 
   0.87000   0.83250   0.70000   0.55000   0.25000 
   0.86000   0.79000   0.68250   0.60250   0.22000 
   0.88750   0.83250   0.71000   0.59750   0.25500 
   0.86000   0.82000   0.72250   0.57500   0.26500 
   0.89250   0.82250   0.73250   0.54500   0.24500 
   0.89750   0.83000   0.73250   0.58500   0.27500 
   0.91250   0.80500   0.71500   0.58750   0.26000 
   0.91750   0.83250   0.76250   0.58000   0.25500 
   0.89000   0.83500   0.68000   0.57750   0.25500 
   0.88500   0.78750   0.71750   0.57750   0.25250 
   0.92750   0.82500   0.70500   0.56000   0.24250 
   0.90500   0.86250   0.71000   0.60250   0.21750 
   0.86750   0.85500   0.70500   0.54500   0.23000 
   0.88500   0.80750   0.73250   0.55500   0.26500 
   0.88000   0.81750   0.69000   0.57500   0.24250 
   0.90000   0.81500   0.69500   0.62250   0.24000 
   0.89500   0.84250   0.72750   0.54250   0.25500 
   0.90750   0.87000   0.71750   0.56250   0.26750 
   0.89750   0.82750   0.73250   0.52750   0.24000 
   0.89500   0.83750   0.72500   0.58750   0.27000 
   0.89000   0.82250   0.66750   0.59250   0.24750 
   0.86750   0.84250   0.70000   0.54000   0.23500 
   0.90250   0.82750   0.67500   0.56500   0.27000 
   0.90750   0.78750   0.65750   0.58250   0.24250 
   0.90500   0.85750   0.68000   0.57250   0.26500 
   0.89250   0.82500   0.66000   0.56750   0.28000 
   0.90250   0.81000   0.70500   0.51750   0.20500 
   0.89250   0.83000   0.70500   0.58500   0.23500 
   0.90750   0.84250   0.73250   0.57500   0.22250 
   0.89750   0.83500   0.70750   0.56250   0.25250 
   0.90250   0.80000   0.71750   0.57500   0.23500 
   0.87250   0.80000   0.69250   0.54500   0.27750 
   0.90500   0.82750   0.71000   0.58250   0.21250 
   0.91500   0.86000   0.70000   0.57250   0.25000 
   0.86500   0.82750   0.72250   0.58750   0.26750 
   0.89750   0.80000   0.71750   0.60000   0.27000 
   0.90250   0.79250   0.70750   0.63500   0.24750 
   0.91750   0.81750   0.76250   0.53750   0.26000 
   0.89250   0.83250   0.69250   0.59250   0.24000 
   0.92250   0.84500   0.71000   0.57500   0.22500 
   0.88250   0.84250   0.75250   0.56000   0.24250 
   0.88500   0.80500   0.71000   0.53750   0.21250 
   0.87750   0.82250   0.70000   0.59500   0.22500 
   0.90000   0.80000   0.69750   0.59500   0.22250 
   0.90250   0.77250   0.73000   0.60250   0.22250 
   0.86500   0.79000   0.68000   0.57500   0.21500 
   0.91500   0.81250   0.70250   0.57250   0.26000 
   0.90500   0.78250   0.67500   0.57000   0.18750 
   0.89500   0.80750   0.68500   0.55250   0.23500 
   0.89750   0.80500   0.74500   0.57250   0.23500 
   0.89750   0.83250   0.71500   0.57500   0.25250 
   0.89750   0.83750   0.70750   0.58750   0.23750 
   0.90000   0.81250   0.69750   0.57000   0.25750 
   0.90000   0.82750   0.69250   0.54500   0.20500 
   0.89000   0.81500   0.68250   0.56500   0.24750 
   0.89500   0.79750   0.72750   0.59500   0.21750 
   0.86750   0.80500   0.74500   0.57250   0.27250 
   0.91000   0.81000   0.74250   0.58000   0.22500 
   0.87000   0.83250   0.71250   0.58500   0.25000 
   0.88750   0.81250   0.70000   0.54500   0.27000 
   0.91500   0.79750   0.71500   0.60000   0.29500 
   0.89500   0.77250   0.68750   0.54500   0.26750 
   0.89750   0.80500   0.74500   0.62500   0.24000 
   0.86000   0.78500   0.74750   0.56500   0.24250 
   0.91500   0.80500   0.69250   0.59000   0.21750 
   0.89750   0.81250   0.69250   0.60000   0.24000 
   0.87750   0.82250   0.71000   0.56250   0.23500 
   0.89750   0.78500   0.68750   0.59250   0.24500 
   0.90250   0.83500   0.68750   0.56000   0.26000 
   0.88500   0.85500   0.69000   0.56750   0.25500 
   0.88250   0.79500   0.70000   0.58500   0.26500 
   0.86500   0.81250   0.72000   0.59500   0.24750 
   0.91750   0.81250   0.70500   0.59250   0.24750 
   0.90250   0.82000   0.68500   0.58250   0.21000 
   0.88750   0.82250   0.71000   0.55000   0.24250 
   0.88250   0.80000   0.73000   0.53750   0.22500 
   0.88750   0.80250   0.69250   0.54500   0.25250 
   0.88750   0.80250   0.71750   0.61500   0.27750 
   0.89500   0.83500   0.70750   0.56500   0.26250 
   0.89500   0.84750   0.69500   0.58250   0.23000 
   0.87750   0.82500   0.73000   0.56250   0.28750 
   0.89000   0.79250   0.71500   0.60500   0.22750 
   0.89500   0.82500   0.76000   0.56250   0.26000 
   0.87500   0.81000   0.70750   0.54250   0.24000 
   0.89000   0.83000   0.73000   0.58750   0.21250 
   0.89000   0.80250   0.72500   0.56750   0.22000 
   0.90250   0.80250   0.68750   0.59250   0.22500 
   0.87500   0.82000   0.72250   0.58250   0.25500 
   0.93000   0.80000   0.72750   0.55500   0.20250 
   0.88500   0.84500   0.71500   0.59250   0.23500 
   0.89750   0.83750   0.71250   0.57750   0.25000 
   0.91250   0.81500   0.71500   0.53250   0.23500 
   0.87000   0.79250   0.73000   0.55250   0.23750 
   0.87250   0.84500   0.68750   0.56750   0.22750 
   0.88000   0.81250   0.69500   0.56750   0.24500 
   0.90250   0.83250   0.73250   0.57000   0.26500 
   0.90000   0.80000   0.74500   0.62500   0.26000 
   0.89500   0.84750   0.69750   0.51250   0.28500 
   0.88500   0.83750   0.68750   0.56000   0.23750 
   0.91000   0.82750   0.69750   0.55750   0.24500 
   0.89250   0.80250   0.70500   0.56000   0.23750 
   0.88500   0.81250   0.73750   0.60750   0.23750 
   0.87000   0.80250   0.70250   0.53000   0.25000 
   0.87500   0.81500   0.74750   0.59000   0.23000 
   0.86250   0.83750   0.71750   0.58750   0.25250 
   0.87000   0.80750   0.74750   0.55500   0.27250 
   0.90500   0.83000   0.71500   0.59250   0.24750 
   0.87750   0.82250   0.69750   0.53250   0.24500 
   0.91250   0.82000   0.68000   0.58250   0.24000 
   0.90750   0.83750   0.70500   0.54250   0.23750 
   0.89250   0.81500   0.74000   0.57250   0.25500 
   0.88500   0.82750   0.73750   0.59250   0.26250 
   0.92000   0.84000   0.69000   0.59000   0.27000 
   0.88750   0.84500   0.70250   0.58000   0.24500 
   0.89000   0.80750   0.71000   0.59750   0.20500 
   0.86500   0.82750   0.71000   0.56250   0.24000 
   0.87500   0.81750   0.75750   0.57250   0.29500 
   0.87500   0.83250   0.73500   0.56000   0.21750 
   0.91500   0.83250   0.70250   0.53750   0.26250 
   0.92500   0.79750   0.70000   0.53250   0.25500 
   0.88500   0.83250   0.72500   0.57500   0.24500 
   0.88500   0.82500   0.71500   0.57000   0.24500 
   0.93250   0.79500   0.74000   0.55000   0.28500 
   0.85500   0.78500   0.72500   0.57250   0.24500 
   0.92250   0.82250   0.75250   0.56000   0.19500 
   0.90750   0.83250   0.70250   0.57000   0.24500 
   0.90000   0.82750   0.69500   0.54500   0.26750 
   0.87750   0.82000   0.71000   0.53250   0.27500 
   0.90750   0.80750   0.70000   0.54750   0.24750 
   0.89750   0.82250   0.70500   0.55250   0.26250 
   0.90250   0.82500   0.74500   0.58750   0.27750 
   0.91500   0.84250   0.73750   0.57500   0.26500 
   0.89750   0.81500   0.68750   0.55750   0.22000 
   0.90250   0.82250   0.69000   0.59250   0.22000 
   0.84500   0.85500   0.70250   0.57500   0.27750 
   0.92750   0.81500   0.68500   0.56000   0.24000 
   0.89000   0.85500   0.67500   0.56000   0.25250 
   0.90500   0.84250   0.69000   0.58000   0.27500 
   0.88750   0.82500   0.72000   0.58250   0.25000 
   0.89000   0.80750   0.71750   0.59000   0.24500 
   0.86750   0.83500   0.70750   0.56750   0.23750 
   0.88250   0.82250   0.72250   0.58000   0.22500 
   0.90500   0.81000   0.69750   0.55250   0.25000 
   0.88250   0.80250   0.73500   0.56750   0.23250 
   0.88250   0.79000   0.70750   0.59250   0.21500 
   0.88750   0.84000   0.72000   0.59000   0.23500 
   0.90250   0.79500   0.68750   0.54000   0.22000 
   0.88250   0.84250   0.73250   0.58750   0.25000 
   0.88000   0.80250   0.72750   0.59750   0.20250 
   0.87000   0.82250   0.70500   0.58750   0.25500 
   0.87000   0.82250   0.68250   0.56750   0.26250 
   0.91000   0.83500   0.69250   0.54000   0.27000 
   0.85250   0.80250   0.73000   0.57250   0.23500 
   0.88750   0.84500   0.70500   0.58750   0.21000 
   0.88500   0.81000   0.71000   0.61500   0.26000 
   0.90750   0.81250   0.72250   0.56750   0.26000 
   0.86750   0.82750   0.72750   0.54500   0.22250 
   0.90500   0.85000   0.70750   0.60250   0.24250 
   0.90250   0.80250   0.71000   0.57250   0.23500 
   0.90750   0.84750   0.73000   0.59000   0.23750 
   0.90250   0.83250   0.68000   0.55250   0.23750 
   0.89250   0.80250   0.74250   0.54750   0.24000 
   0.88250   0.84000   0.75000   0.58000   0.23500 
   0.91000   0.80250   0.71500   0.55750   0.21500 
   0.87750   0.78250   0.70750   0.57250   0.27000 
   0.89250   0.79250   0.73500   0.54500   0.23500 
   0.88000   0.82500   0.73500   0.59000   0.24750 
   0.89000   0.83000   0.68500   0.56500   0.22500 
   0.90250   0.83250   0.70500   0.61250   0.23250 
   0.89750   0.83250   0.71750   0.53500   0.33250 
   0.91250   0.82500   0.71250   0.54250   0.23250 
   0.91250   0.81000   0.71750   0.57250   0.25250 
   0.91500   0.85250   0.70250   0.57250   0.24000 
   0.88250   0.83500   0.70250   0.58750   0.26250 
   0.89000   0.86750   0.68250   0.59750   0.28500 
   0.88500   0.81500   0.71750   0.56250   0.24500 
   0.89750   0.83000   0.71250   0.55000   0.20250 
   0.88500   0.80000   0.72500   0.56500   0.24500 
   0.91500   0.81500   0.69000   0.56000   0.25000 
   0.90000   0.84250   0.70500   0.58500   0.25750 
   0.89000   0.81000   0.70500   0.57250   0.25000 
   0.88250   0.78750   0.72500   0.56500   0.25750 
   0.91000   0.82000   0.70500   0.59250   0.25250 
   0.89500   0.79000   0.70500   0.58750   0.21500 
   0.90000   0.82250   0.70750   0.58250   0.22500 
   0.87750   0.85250   0.70000   0.54250   0.25750 
   0.86000   0.83250   0.73750   0.53750   0.23500 
   0.90000   0.82750   0.70500   0.61500   0.21750 
   0.89500   0.83750   0.72250   0.53250   0.22500 
   0.93250   0.82250   0.71750   0.60250   0.26500 
   0.88750   0.81500   0.74750   0.52000   0.26500 
   0.90000   0.81500   0.71000   0.61250   0.20750 
   0.90000   0.80000   0.68750   0.55750   0.25750 
   0.88750   0.80500   0.72000   0.52250   0.27250 
   0.90000   0.83500   0.71750   0.60500   0.26750 
   0.90500   0.82250   0.73500   0.62000   0.23500 
   0.90500   0.81500   0.71250   0.57500   0.27500 
   0.88000   0.85250   0.74250   0.61250   0.21250 
   0.91750   0.79000   0.69750   0.59000   0.21500 
   0.90500   0.81250   0.72250   0.60750   0.28250 
   0.89750   0.83000   0.69500   0.61500   0.21500 
   0.91750   0.81000   0.70750   0.52250   0.24500 
   0.88250   0.83250   0.73000   0.57250   0.21750 
   0.89500   0.85250   0.72000   0.57500   0.23250 
   0.89000   0.81500   0.71000   0.59500   0.27500 
   0.90500   0.82000   0.71750   0.55750   0.25500 
   0.90000   0.81500   0.70250   0.59250   0.25250 
   0.92250   0.80500   0.68250   0.55750   0.21500 
   0.88500   0.81750   0.67500   0.58750   0.24250 
   0.87750   0.82250   0.72250   0.54000   0.25750 
   0.88000   0.82750   0.75000   0.57750   0.23000 
   0.87000   0.83000   0.77500   0.55250   0.28000 
   0.91000   0.87000   0.68500   0.61500   0.21750 
   0.90000   0.84250   0.72000   0.59000   0.25250 
   0.88000   0.82750   0.74250   0.55250   0.22750 
   0.89000   0.81000   0.71250   0.56250   0.23500 
   0.89000   0.80500   0.69500   0.56500   0.24000 
   0.89500   0.84000   0.73500   0.58500   0.24250 
   0.88000   0.79250   0.66250   0.58000   0.24000 
   0.87500   0.83750   0.69000   0.60250   0.23500 
   0.86500   0.85250   0.72750   0.59500   0.20750 
   0.86500   0.79500   0.68750   0.57750   0.28750 
   0.89750   0.84000   0.70750   0.56500   0.24000 
   0.88000   0.82750   0.69500   0.57500   0.23250 
   0.91750   0.78000   0.66250   0.53250   0.22250 
   0.88750   0.82500   0.71500   0.57000   0.25250 
   0.87000   0.79500   0.67250   0.65250   0.23750 
   0.89250   0.81250   0.73750   0.61000   0.24500 
   0.85750   0.84000   0.67500   0.55000   0.25000 
   0.89000   0.80500   0.73000   0.52750   0.22000 
   0.84750   0.80750   0.69250   0.55250   0.25250 
   0.85500   0.83250   0.74500   0.54250   0.24500 
   0.85750   0.82750   0.68750   0.54000   0.23500 
   0.90000   0.79000   0.69500   0.58500   0.26250 
   0.92000   0.83750   0.69250   0.60500   0.26500 
   0.88500   0.83250   0.74250   0.58750   0.25750 
   0.90000   0.79000   0.74000   0.56250   0.22000 
   0.89000   0.85000   0.68500   0.58000   0.22000 
   0.88250   0.82750   0.71750   0.61000   0.25750 
   0.89250   0.81000   0.69750   0.57500   0.26500 
   0.89500   0.82750   0.70500   0.58000   0.22000 
   0.88250   0.84250   0.72750   0.56250   0.21250 
   0.91500   0.82250   0.71250   0.57250   0.25750 
   0.91250   0.82000   0.73250   0.61000   0.20500 
   0.88000   0.80750   0.71250   0.61750   0.24750 
   0.90250   0.81250   0.70000   0.59500   0.24500 
   0.89750   0.81500   0.74000   0.55250   0.26750 
   0.89500   0.83250   0.70750   0.61250   0.21750 
   0.87250   0.79500   0.73750   0.58000   0.25750 
   0.91250   0.81750   0.71750   0.54250   0.22250 
   0.87500   0.80000   0.69250   0.58000   0.26500 
   0.88750   0.81500   0.68750   0.60000   0.25250 
   0.88000   0.79750   0.70500   0.59250   0.19750 
   0.88000   0.80500   0.71000   0.58250   0.25500 
   0.88750   0.81750   0.71250   0.56000   0.26750 
   0.90000   0.85750   0.70500   0.55250   0.22750 
   0.87500   0.79750   0.74250   0.57250   0.25750 
   0.89000   0.80000   0.76000   0.59000   0.24000 
   0.89500   0.81000   0.73750   0.57250   0.26750 
   0.90250   0.81250   0.69500   0.58500   0.24250 
   0.90000   0.81250   0.74000   0.59750   0.23750 
   0.91500   0.81250   0.70000   0.56500   0.21250 
   0.88250   0.80000   0.70750   0.52500   0.25250 
   0.89750   0.81250   0.71500   0.55250   0.27000 
   0.90500   0.82000   0.63750   0.57000   0.22750 
   0.90250   0.80000   0.67000   0.58250   0.25750 
   0.88750   0.82000   0.70000   0.55250   0.24750 
   0.89000   0.82000   0.70000   0.57500   0.24500 
   0.89750   0.76000   0.73500   0.57000   0.26250 
   0.89500   0.83000   0.74000   0.54500   0.30000 
   0.88250   0.78000   0.69000   0.63250   0.24250 
   0.88500   0.82250   0.73000   0.60250   0.24250 
   0.90250   0.82250   0.69500   0.57000   0.29000 
   0.85750   0.83000   0.70750   0.56750   0.24250 
   0.88750   0.82500   0.71500   0.56500   0.18750 
   0.90500   0.84000   0.68250   0.59750   0.22000 
   0.89500   0.84250   0.73250   0.58250   0.25750 
   0.88750   0.79500   0.71000   0.59000   0.22500 
   0.89250   0.82250   0.72500   0.59000   0.24750 
   0.90500   0.80000   0.68000   0.55250   0.28750 
   0.88250   0.83500   0.66000   0.58250   0.21500 
   0.88250   0.81750   0.68750   0.55000   0.23750 
   0.90750   0.84750   0.73750   0.57250   0.24250 
   0.85750   0.84750   0.68500   0.57250   0.24000 
   0.88250   0.79750   0.72500   0.57750   0.23500 
   0.90750   0.78250   0.71750   0.57000   0.20500 
   0.89500   0.81750   0.73500   0.58750   0.23500 
   0.87500   0.80750   0.68500   0.56750   0.26000 
   0.87750   0.82250   0.68250   0.53000   0.25750 
   0.90500   0.81000   0.73000   0.59750   0.24250 
   0.91250   0.80000   0.72250   0.56000   0.29000 
   0.89750   0.81750   0.68500   0.55250   0.25250 
   0.89000   0.81250   0.72000   0.55750   0.25250 
   0.89000   0.80000   0.72500   0.53500   0.25500 
   0.87250   0.81000   0.67250   0.52750   0.25750 
   0.91250   0.82750   0.72750   0.55250   0.26500 
   0.90750   0.84250   0.72500   0.56250   0.28000 
   0.91250   0.82250   0.71250   0.53750   0.29750 
   0.89000   0.84000   0.74000   0.58500   0.26500 
   0.91250   0.84250   0.70500   0.55750   0.22500 
   0.89500   0.83250   0.70250   0.60750   0.24750 
   0.90500   0.85500   0.70500   0.57500   0.24500 
   0.91000   0.83750   0.72250   0.57250   0.25250 
   0.90500   0.84000   0.64750   0.55500   0.24000 
   0.88250   0.79000   0.71250   0.58500   0.23500 
   0.88750   0.81750   0.69250   0.58750   0.22250 
   0.91000   0.81000   0.72500   0.59250   0.24500 
   0.88250   0.84000   0.75000   0.52500   0.24750 
   0.91250   0.85250   0.70000   0.54250   0.25750 
   0.90500   0.81750   0.68750   0.55500   0.27250 
   0.85000   0.82500   0.73000   0.52250   0.25250 
   0.90000   0.80750   0.69500   0.55000   0.20000 
   0.89000   0.80250   0.68000   0.55250   0.28250 
   0.91250   0.78500   0.68000   0.55500   0.25250 
   0.87500   0.81750   0.68750   0.57000   0.26750 
   0.89250   0.84750   0.69000   0.61000   0.29500 
   0.89000   0.83250   0.69000   0.56250   0.24750 
   0.91750   0.84750   0.72500   0.53000   0.25500 
   0.87250   0.81750   0.69250   0.57000   0.24250 
   0.90500   0.80000   0.66250   0.53750   0.22000 
   0.88000   0.82250   0.73500   0.58500   0.25750 
   0.87750   0.82000   0.70750   0.54250   0.27000 
   0.90500   0.80500   0.67250   0.52750   0.24000 
   0.88500   0.77750   0.73250   0.54500   0.28750 
   0.88000   0.82500   0.71000   0.56250   0.31250 
   0.87000   0.80750   0.75000   0.59750   0.26750 
   0.91250   0.78000   0.74500   0.61250   0.25000 
   0.89750   0.84750   0.67250   0.63500   0.24000 
   0.85250   0.80500   0.71000   0.56250   0.24250 
   0.86000   0.83250   0.71750   0.54250   0.25000 
   0.89750   0.83750   0.73000   0.58000   0.24500 
   0.92750   0.81250   0.68750   0.58250   0.31000 
   0.87500   0.80500   0.73250   0.57500   0.26000 
   0.90500   0.83500   0.69750   0.59500   0.24750 
   0.91000   0.80500   0.73750   0.60250   0.25000 
   0.89250   0.84250   0.73750   0.57500   0.24250 
   0.90000   0.83250   0.71750   0.57750   0.25000 
   0.90750   0.82250   0.70000   0.57750   0.22500 
   0.90250   0.81500   0.73250   0.52750   0.30000 
   0.93500   0.83500   0.72000   0.57750   0.24250 
   0.86000   0.84000   0.72500   0.56000   0.27500 
   0.90000   0.80500   0.73250   0.58750   0.27750 
   0.91250   0.81500   0.72750   0.57000   0.24250 
   0.89750   0.82000   0.73750   0.61500   0.23250 
   0.91500   0.80750   0.69750   0.58500   0.22250 
   0.90000   0.83000   0.72000   0.57250   0.26000 
   0.88500   0.80500   0.70750   0.58750   0.27250 
   0.90250   0.81750   0.71000   0.56000   0.23000 
   0.90500   0.83000   0.73000   0.59000   0.25500 
   0.89750   0.80750   0.73750   0.50500   0.28750 
   0.89000   0.80000   0.71500   0.57000   0.24750 
   0.89000   0.81750   0.71250   0.63750   0.26250 
   0.93500   0.80250   0.69000   0.56000   0.26750 
   0.90750   0.79250   0.73500   0.55750   0.28750 
   0.87750   0.79250   0.71750   0.56500   0.29500 
   0.86500   0.80250   0.70750   0.56500   0.25000 
   0.87750   0.82750   0.72500   0.56000   0.27250 
   0.91250   0.80250   0.68750   0.56250   0.22750 
   0.89750   0.80750   0.71750   0.56500   0.25000 
   0.88250   0.80250   0.74250   0.58750   0.26750 
   0.90250   0.80250   0.72250   0.63000   0.21250 
   0.87500   0.79500   0.72250   0.57500   0.28750 
   0.90750   0.81250   0.70750   0.56500   0.25250 
   0.88750   0.81750   0.75500   0.58250   0.25000 
   0.90750   0.82250   0.69500   0.55000   0.26250 
   0.90000   0.81750   0.70500   0.58500   0.23500 
   0.90500   0.81750   0.68500   0.57500   0.27250 
   0.91500   0.80250   0.70750   0.59750   0.22750 
   0.91000   0.80250   0.73500   0.57000   0.26000 
   0.90500   0.84750   0.70750   0.55250   0.26750 
   0.87250   0.81000   0.66000   0.53000   0.28000 
   0.85000   0.83750   0.73250   0.56000   0.22750 
   0.90500   0.84750   0.71250   0.56750   0.27500 
   0.91500   0.82500   0.71750   0.58000   0.26250 
   0.88750   0.81250   0.64750   0.53750   0.25500 
   0.87250   0.82750   0.73500   0.58750   0.28000 
   0.89000   0.80000   0.70500   0.61500   0.23000 
   0.90000   0.83500   0.68500   0.56750   0.22500 
   0.88250   0.82000   0.73750   0.52750   0.23750 
   0.90250   0.80500   0.68750   0.61000   0.24250 
   0.92000   0.79500   0.71250   0.54750   0.24750 
   0.85000   0.81500   0.68250   0.56750   0.22750 
   0.89000   0.82750   0.70250   0.56250   0.25250 
   0.88000   0.79500   0.68000   0.56000   0.26000 
   0.89000   0.86000   0.78500   0.55500   0.30000 
   0.88000   0.84000   0.74000   0.56250   0.24250 
   0.90500   0.79750   0.70750   0.58750   0.23750 
   0.92500   0.82250   0.72250   0.58500   0.23750 
   0.91000   0.82500   0.70750   0.53500   0.23250 
   0.87750   0.81750   0.72500   0.57000   0.28750 
   0.90000   0.83250   0.70250   0.54500   0.23750 
   0.91250   0.81250   0.65250   0.61500   0.21750 
   0.88250   0.81500   0.67750   0.57250   0.23500 
   0.90250   0.82250   0.74750   0.59000   0.28000 
   0.90500   0.79250   0.75000   0.56250   0.25750 
   0.92250   0.81000   0.70250   0.57500   0.22500 
   0.88250   0.78750   0.69750   0.58750   0.24000 
   0.87750   0.82500   0.71500   0.52000   0.22750 
   0.90250   0.82250   0.74750   0.54750   0.27750 
   0.86250   0.82000   0.73250   0.58000   0.23500 
   0.90750   0.81750   0.70750   0.59250   0.21750 
   0.88500   0.82750   0.74250   0.54500   0.23750 
   0.88250   0.79500   0.72000   0.59500   0.26250 
   0.87250   0.82250   0.69750   0.58250   0.23250 
   0.88500   0.85500   0.69250   0.52250   0.22000 
   0.86750   0.78500   0.67500   0.59750   0.26000 
   0.87750   0.82250   0.70000   0.57500   0.23250 
   0.89750   0.80500   0.69250   0.59500   0.25500 
   0.92750   0.82000   0.70250   0.55250   0.26250 
   0.93500   0.82250   0.73000   0.55500   0.24500 
   0.89000   0.76250   0.71500   0.58250   0.24000 
   0.89000   0.81000   0.71500   0.60500   0.24000 
   0.85250   0.82000   0.74750   0.56500   0.25250 
   0.88500   0.83750   0.69750   0.54750   0.23250 
   0.90500   0.84500   0.70000   0.53750   0.23500 
   0.87250   0.81000   0.71500   0.57750   0.23750 
   0.89500   0.81500   0.72500   0.57000   0.20750 
   0.89500   0.80000   0.73000   0.51250   0.23750 
   0.89000   0.81000   0.71500   0.58000   0.28000 
   0.88500   0.81750   0.71000   0.53750   0.25000 
   0.89000   0.83500   0.68500   0.54750   0.21750 
   0.89250   0.83000   0.70750   0.57500   0.27000 
   0.89000   0.82250   0.73000   0.59750   0.22250 
   0.90000   0.82500   0.70500   0.53750   0.22000 
   0.89750   0.80500   0.72000   0.59250   0.23750 
   0.88750   0.81250   0.68500   0.55750   0.27250 
   0.89250   0.85250   0.69500   0.60250   0.25750 
   0.89750   0.81000   0.67250   0.59750   0.24750 
   0.87750   0.82500   0.72500   0.58000   0.25750 
   0.89250   0.82250   0.71250   0.57750   0.23500 
   0.86000   0.82000   0.72000   0.55750   0.24250 
   0.91500   0.83000   0.73750   0.56250   0.21750 
   0.90000   0.80250   0.68500   0.58250   0.23000 
   0.91250   0.83000   0.69500   0.55250   0.25000 
   0.88500   0.87250   0.70500   0.58250   0.22750 
   0.89750   0.78000   0.73750   0.61750   0.27000 
   0.89250   0.81250   0.76000   0.58750   0.23500 
   0.90000   0.76000   0.70500   0.58500   0.25000 
   0.91000   0.77000   0.72500   0.58500   0.20750 
   0.87750   0.84750   0.66500   0.54500   0.25250 
   0.89250   0.80750   0.67500   0.58500   0.22000 
   0.90000   0.83750   0.71250   0.52750   0.21750 
   0.86000   0.80750   0.68000   0.57250   0.25250 
   0.88250   0.82250   0.69750   0.57000   0.25750 
   0.87000   0.83250   0.71000   0.60500   0.22000 
   0.88500   0.80250   0.75500   0.51000   0.23500 
   0.90000   0.76500   0.71250   0.58750   0.25750 
   0.90750   0.83750   0.71250   0.55500   0.22750 
   0.87250   0.80500   0.68750   0.54750   0.19500 
   0.88000   0.78750   0.70250   0.56000   0.28250 
   0.87000   0.80500   0.72500   0.55250   0.25750 
   0.87250   0.83750   0.70500   0.56250   0.23250 
   0.89250   0.85500   0.67500   0.56250   0.22750 
   0.89000   0.81500   0.70000   0.58000   0.26500 
   0.89750   0.82250   0.69000   0.59750   0.24750 
   0.90500   0.83500   0.71750   0.53000   0.25250 
   0.87500   0.82500   0.69500   0.53250   0.20500 
   0.88250   0.81750   0.68250   0.56250   0.27250 
   0.88750   0.82500   0.68500   0.52500   0.24500 
   0.91250   0.79250   0.73000   0.57750   0.24250 
   0.87500   0.83750   0.72750   0.59250   0.26000 
   0.88000   0.81250   0.69250   0.60250   0.22750 
   0.90750   0.83500   0.70250   0.52750   0.23750 
   0.89250   0.81500   0.67750   0.54500   0.24250 
   0.88000   0.81000   0.70000   0.57000   0.26500 
   0.89750   0.80750   0.73250   0.54750   0.26500 
   0.86750   0.81250   0.69000   0.60500   0.24250 
   0.89250   0.81750   0.71250   0.57250   0.24750 
   0.90000   0.81000   0.70000   0.53000   0.23500 
   0.89000   0.83500   0.74500   0.56750   0.25500 
   0.91500   0.80500   0.70750   0.58500   0.24750 
   0.90750   0.82250   0.73250   0.55500   0.24500 
   0.87500   0.83250   0.70500   0.56000   0.22250 
   0.89500   0.83250   0.72750   0.59750   0.24750 
   0.90000   0.82500   0.69750   0.59500   0.22750 
   0.88500   0.80000   0.73750   0.56250   0.25250 
   0.90000   0.81500   0.72000   0.57750   0.25500 
   0.87750   0.81750   0.69250   0.54750   0.28000 
   0.89750   0.84000   0.69500   0.58250   0.26500 
   0.90750   0.82000   0.71250   0.57750   0.25250 
   0.87250   0.82750   0.71000   0.57000   0.24000 
   0.89000   0.79000   0.73750   0.54250   0.26250 
   0.88500   0.84000   0.74000   0.57000   0.23750 
   0.90500   0.82500   0.72500   0.55000   0.21750 
   0.90250   0.84750   0.72000   0.56000   0.24500 
   0.88750   0.80500   0.70000   0.54750   0.24500 
   0.91750   0.81750   0.71750   0.56500   0.27750 
   0.86500   0.82250   0.70750   0.60500   0.22000 
   0.87500   0.83000   0.68000   0.55500   0.19250 
   0.86250   0.84500   0.70000   0.54250   0.27750 
   0.87500   0.82250   0.69000   0.59250   0.21750 
   0.89250   0.79250   0.70750   0.54500   0.24250 
   0.90500   0.82750   0.72500   0.59250   0.23250 
   0.86500   0.82750   0.72500   0.59500   0.29250 
   0.88500   0.81750   0.71500   0.53250   0.25750 
   0.87750   0.80750   0.68500   0.62250   0.23500 
   0.91000   0.84000   0.75000   0.60750   0.25500 
   0.89250   0.81500   0.69750   0.58500   0.24500 
   0.90250   0.81000   0.69750   0.54000   0.22750 
   0.88500   0.81500   0.70250   0.53000   0.19750 
   0.89000   0.81250   0.69500   0.52500   0.20750 
   0.88750   0.80250   0.72000   0.56750   0.23500 
   0.90000   0.78250   0.71250   0.60500   0.25250 
   0.89250   0.78250   0.74500   0.54750   0.20500 
   0.90250   0.82500   0.73500   0.56250   0.26500 
   0.85500   0.78500   0.71750   0.58750   0.21000 
   0.90500   0.82750   0.73750   0.55250   0.24000 
   0.87750   0.79500   0.71000   0.53250   0.24000 
   0.89250   0.80000   0.69500   0.57750   0.23750 
   0.87000   0.84250   0.74500   0.54750   0.23000 
   0.87750   0.82000   0.70750   0.61500   0.28000 
   0.91000   0.80000   0.76000   0.59000   0.26000 
   0.86500   0.80000   0.71250   0.61500   0.25500 
   0.88500   0.81000   0.71750   0.58750   0.26000 
   0.87000   0.80750   0.70000   0.55750   0.20750 
   0.89250   0.79000   0.67500   0.57000   0.20250 
   0.85250   0.83750   0.73500   0.58500   0.22500 
   0.90750   0.81250   0.71500   0.55000   0.23750 
   0.88250   0.84250   0.68750   0.58750   0.24250 
   0.88250   0.83750   0.70500   0.56750   0.22750 
   0.87500   0.79500   0.71500   0.57750   0.22250 
   0.93500   0.83750   0.70750   0.57000   0.22750 
   0.90500   0.78250   0.70500   0.55000   0.26250 
   0.86250   0.79250   0.72000   0.53250   0.23250 
   0.88000   0.81500   0.72000   0.57250   0.28500 
   0.87000   0.82750   0.73000   0.54250   0.24750 
   0.91000   0.83500   0.69500   0.60500   0.24750 
   0.87500   0.79000   0.71000   0.54250   0.25750 
   0.91500   0.83750   0.72750   0.57250   0.26250 
   0.89500   0.83250   0.70750   0.56750   0.24000 
   0.86750   0.85750   0.70500   0.58750   0.23250 
   0.88250   0.85000   0.70000   0.56750   0.24500 
   0.86250   0.81000   0.71500   0.53750   0.22750 
   0.89250   0.82250   0.70750   0.57250   0.20250 
   0.88750   0.84750   0.68750   0.56500   0.23000 
   0.89500   0.80500   0.70000   0.53750   0.24500 
   0.89250   0.78750   0.73250   0.56250   0.29750 
   0.86750   0.84750   0.69500   0.60500   0.23750 
   0.87250   0.83000   0.71000   0.52500   0.23000 
   0.89000   0.80000   0.69250   0.59250   0.25000 
   0.90500   0.83000   0.70500   0.53250   0.19250 
   0.91500   0.81250   0.73750   0.55750   0.24000 
   0.86250   0.79500   0.70750   0.56500   0.25000 
   0.89250   0.84000   0.68750   0.55750   0.21500 
   0.91000   0.82750   0.75500   0.60000   0.23500 
   0.86500   0.77500   0.73000   0.52750   0.25000 
   0.88750   0.79750   0.67750   0.61250   0.21750 
   0.88250   0.80750   0.73750   0.57500   0.25500 
   0.87500   0.80500   0.69750   0.57250   0.22500 
   0.90500   0.84250   0.69250   0.55500   0.27750 
   0.88500   0.83250   0.74000   0.64000   0.22750 
   0.91500   0.82750   0.74000   0.55000   0.27250 
   0.87250   0.79750   0.69250   0.57500   0.21500 
   0.90500   0.82250   0.74250   0.57000   0.26250 
   0.90000   0.82500   0.70500   0.59500   0.25750 
   0.90250   0.81000   0.67250   0.57500   0.23000 
   0.89500   0.81500   0.76250   0.52250   0.26500 
   0.87500   0.82750   0.71250   0.56750   0.26500 
   0.88750   0.80000   0.71250   0.56000   0.20750 
   0.86750   0.83500   0.71500   0.54000   0.27000 
   0.89750   0.80500   0.66000   0.55750   0.21500 
   0.90250   0.85250   0.70250   0.57000   0.27500 
   0.88500   0.81500   0.70500   0.59250   0.21750 
   0.92000   0.81750   0.67000   0.57750   0.26750 
   0.88000   0.83750   0.70250   0.59000   0.24750 
   0.90500   0.82250   0.74500   0.56750   0.24750 
   0.90250   0.82250   0.70750   0.59500   0.23250 
   0.88000   0.82500   0.68250   0.57000   0.27750 
   0.89250   0.80500   0.71250   0.59250   0.23250 
   0.91500   0.85750   0.71500   0.57750   0.23000 
   0.87750   0.82250   0.68000   0.58250   0.23750 
   0.89500   0.81250   0.73000   0.59750   0.23750 
   0.89500   0.84750   0.69750   0.55000   0.27250 
   0.89750   0.82250   0.69250   0.52000   0.23000 
   0.91000   0.82500   0.73750   0.59500   0.23250 
   0.90000   0.83500   0.74250   0.54500   0.20500 
   0.89750   0.80500   0.74250   0.52250   0.22250 
   0.89750   0.83500   0.71750   0.53500   0.27250 
   0.89250   0.82000   0.68750   0.62750   0.19500 
   0.88750   0.83750   0.68500   0.58250   0.26250 
   0.87750   0.84750   0.72000   0.51000   0.22750 
   0.89500   0.82500   0.72500   0.55000   0.21750 
   0.91000   0.82750   0.72250   0.61500   0.22750 
   0.90000   0.84250   0.73750   0.58500   0.25250 
   0.87000   0.86000   0.72500   0.55000   0.22250 
   0.88750   0.85500   0.72250   0.56000   0.20000 
   0.91000   0.81000   0.75000   0.56500   0.28000 
   0.89500   0.84500   0.74000   0.53750   0.29250 
   0.89250   0.79750   0.73000   0.62000   0.25750 
   0.88500   0.82250   0.71250   0.62500   0.25000 
   0.87500   0.84250   0.71500   0.58250   0.24000 
   0.90250   0.83750   0.72250   0.59500   0.23750 
   0.90250   0.80500   0.71000   0.55250   0.28250 
   0.88750   0.79750   0.71000   0.56000   0.27750 
   0.89500   0.81500   0.68500   0.56500   0.24750 
   0.90000   0.80500   0.72000   0.60500   0.22000 
   0.86000   0.82250   0.69500   0.57500   0.24750 
   0.90000   0.82250   0.68750   0.58500   0.23250 
   0.91250   0.80500   0.71250   0.57250   0.26250 
   0.92000   0.82500   0.66750   0.55250   0.24500 
   0.90500   0.84500   0.69000   0.56750   0.27750 
   0.89500   0.83250   0.70750   0.59000   0.24000 
   0.88000   0.79750   0.70250   0.54500   0.23250 
   0.88000   0.78750   0.74250   0.57750   0.24750 
   0.90000   0.81500   0.72750   0.56000   0.25250 
   0.90500   0.83500   0.70250   0.58000   0.21500 
   0.89750   0.80250   0.68750   0.60750   0.27000 
   0.90000   0.81750   0.77750   0.55500   0.26250 
   0.91250   0.85500   0.72250   0.56250   0.27250 
   0.89500   0.83250   0.71500   0.55500   0.25750 
   0.89500   0.82500   0.66750   0.59000   0.25250 
   0.90500   0.81500   0.71500   0.55500   0.21750 
   0.87250   0.83500   0.69500   0.57500   0.26500 
   0.89250   0.79750   0.71500   0.58000   0.23750 
   0.91000   0.79250   0.73500   0.55500   0.22750 
   0.90000   0.79750   0.74500   0.61000   0.29000 
   0.86750   0.85750   0.64750   0.55750   0.26500 
   0.87250   0.82000   0.70500   0.53250   0.22000 
   0.89000   0.79500   0.66500   0.53250   0.24500 
   0.89000   0.79000   0.71750   0.57250   0.24500 
   0.87000   0.81250   0.70000   0.56000   0.23000 
   0.90500   0.82250   0.73000   0.56250   0.23250 
   0.91000   0.84000   0.72250   0.58000   0.27250 
   0.88000   0.78000   0.70250   0.58250   0.22750 
   0.90500   0.84000   0.69000   0.56750   0.26500 
   0.90750   0.80750   0.69250   0.59500   0.25750 
   0.89000   0.81750   0.67250   0.63000   0.24000 
   0.88500   0.84750   0.71500   0.58250   0.25750 
   0.90750   0.84000   0.71750   0.54250   0.26000 
   0.86500   0.82250   0.70750   0.55500   0.24250 
   0.89000   0.81000   0.68250   0.62750   0.23250 
   0.90000   0.81000   0.75000   0.59500   0.22750 
   0.90750   0.81750   0.71750   0.54500   0.23750 
   0.87000   0.83250   0.71500   0.54250   0.24250 
   0.85750   0.78500   0.72500   0.58250   0.22250 
   0.89500   0.80250   0.72500   0.60000   0.25500 
   0.89000   0.80500   0.72500   0.57500   0.27500 
   0.89750   0.82250   0.67500   0.59000   0.20000 
   0.89250   0.81750   0.73250   0.60250   0.24250 
   0.90750   0.83500   0.71750   0.56000   0.28250 
   0.89250   0.81250   0.73750   0.58000   0.21500 
   0.87750   0.80500   0.74250   0.56250   0.29000 
   0.89750   0.82750   0.66750   0.58250   0.24750 
   0.91000   0.83750   0.70250   0.53750   0.21750 
   0.89750   0.82000   0.74750   0.60500   0.25250 
   0.90000   0.81250   0.74250   0.60500   0.27500 
   0.89000   0.86750   0.69250   0.56500   0.24750 
