   0.87750   0.63935   0.51879   0.43580   0.27250 
   0.90750   0.59874   0.48514   0.29955   0.23250 
   0.89000   0.60911   0.51476   0.48718   0.27250 
   0.87500   0.51294   0.47866   0.37866   0.24750 
   0.89500   0.57382   0.48470   0.34260   0.29000 
   0.87000   0.62558   0.45536   0.40495   0.23500 
   0.88250   0.54510   0.52482   0.34384   0.24000 
   0.88750   0.61652   0.53640   0.51277   0.27000 
   0.90500   0.57873   0.48786   0.38094   0.22750 
   0.89750   0.51544   0.49686   0.33480   0.21750 
   0.87250   0.50460   0.39501   0.35267   0.24000 
   0.89000   0.60282   0.49502   0.39008   0.21500 
   0.88750   0.60756   0.46622   0.39300   0.25250 
   0.92250   0.55217   0.48899   0.36293   0.25250 
   0.90750   0.54769   0.43180   0.40592   0.26500 
   0.89500   0.56421   0.51452   0.37090   0.25500 
   0.87750   0.55648   0.56735   0.41017   0.27250 
   0.90250   0.47999   0.43611   0.22000   0.22000 
   0.90000   0.62689   0.49406   0.49406   0.25750 
   0.85750   0.54556   0.47378   0.44968   0.20500 
   0.91250   0.61213   0.56961   0.40601   0.26250 
   0.89750   0.52910   0.50843   0.43137   0.25500 
   0.89250   0.55004   0.58599   0.43620   0.24750 
   0.87500   0.53751   0.49386   0.37591   0.25000 
   0.88250   0.48396   0.39670   0.41041   0.24750 
   0.89000   0.51393   0.47858   0.32951   0.25750 
   0.87000   0.55603   0.47349   0.34700   0.26250 
   0.88500   0.58912   0.45359   0.28326   0.24250 
   0.88500   0.65604   0.53213   0.44629   0.24250 
   0.87500   0.60898   0.50397   0.47531   0.24000 
   0.89500   0.59462   0.55003   0.44257   0.27250 
   0.89250   0.62961   0.39761   0.33573   0.24250 
   0.86250   0.52553   0.46500   0.41899   0.23500 
   0.89250   0.59961   0.53752   0.49480   0.28750 
   0.89250   0.56307   0.60594   0.41262   0.24500 
   0.89750   0.51432   0.57240   0.47157   0.20750 
   0.88500   0.60683   0.48110   0.41189   0.23000 
   0.91250   0.62932   0.58733   0.50463   0.26750 
   0.87500   0.51765   0.43257   0.33627   0.25500 
   0.89750   0.57408   0.50392   0.32855   0.26000 
   0.88250   0.53235   0.56645   0.36014   0.22750 
   0.91750   0.58425   0.52509   0.37654   0.27750 
   0.89750   0.49131   0.49528   0.42030   0.24250 
   0.91250   0.63968   0.44346   0.41150   0.28000 
   0.89750   0.56169   0.52634   0.47665   0.22500 
   0.86500   0.54595   0.41824   0.30045   0.22250 
   0.90750   0.55278   0.49685   0.44123   0.25000 
   0.90750   0.56225   0.37200   0.38624   0.20750 
   0.87750   0.49465   0.41039   0.34019   0.22000 
   0.88250   0.52235   0.37607   0.29848   0.23000 
   0.88000   0.49203   0.39864   0.37659   0.25750 
   0.89250   0.56695   0.41644   0.36340   0.25000 
   0.90000   0.63168   0.53118   0.44151   0.27250 
   0.90000   0.53287   0.47673   0.37701   0.21000 
   0.90250   0.60683   0.42552   0.34777   0.21500 
   0.89250   0.53506   0.52368   0.45155   0.25750 
   0.90750   0.65366   0.60731   0.42808   0.26750 
   0.89000   0.62104   0.53375   0.45965   0.30000 
   0.88500   0.51682   0.41390   0.40950   0.26250 
   0.90250   0.58279   0.49215   0.34113   0.22750 
   0.90250   0.53880   0.42403   0.35460   0.23000 
   0.87750   0.62288   0.54026   0.46475   0.27750 
   0.90000   0.51237   0.46996   0.30141   0.22000 
   0.88250   0.57142   0.41078   0.34650   0.19750 
   0.91750   0.61426   0.54795   0.43843   0.22500 
   0.90000   0.54448   0.46419   0.46419   0.25500 
   0.87500   0.55221   0.46960   0.42929   0.26000 
   0.88500   0.60047   0.56952   0.41046   0.25250 
   0.87750   0.59734   0.52369   0.40842   0.24500 
   0.87750   0.55015   0.50690   0.37706   0.25500 
   0.89000   0.61227   0.46348   0.48428   0.25000 
   0.88750   0.61013   0.56393   0.39617   0.25000 
   0.87250   0.64097   0.56153   0.36946   0.27000 
   0.89000   0.57728   0.49274   0.44215   0.23750 
   0.90000   0.55397   0.45873   0.35804   0.23500 
   0.89000   0.62234   0.44305   0.41779   0.24750 
   0.87250   0.53956   0.44422   0.41278   0.25750 
   0.89750   0.60540   0.58786   0.41482   0.28000 
   0.88500   0.51369   0.46964   0.34839   0.23250 
   0.89000   0.47130   0.49697   0.41242   0.22750 
   0.89250   0.60973   0.50848   0.31203   0.24250 
   0.86500   0.56432   0.49570   0.37403   0.26750 
   0.91000   0.65049   0.51180   0.44861   0.27250 
   0.89250   0.56119   0.50493   0.33314   0.22500 
   0.88500   0.58400   0.45431   0.42880   0.27500 
   0.89250   0.61761   0.58621   0.43465   0.26250 
   0.88000   0.60264   0.51459   0.39228   0.24500 
   0.89000   0.57752   0.45857   0.40544   0.25000 
   0.87750   0.63151   0.53983   0.41274   0.23250 
   0.90250   0.48263   0.47050   0.39287   0.23500 
   0.87750   0.61661   0.56861   0.47059   0.25750 
   0.90500   0.57633   0.50520   0.39946   0.23250 
   0.90500   0.55834   0.44148   0.40686   0.21250 
   0.87750   0.58408   0.49186   0.33118   0.23250 
   0.89250   0.56862   0.46029   0.40340   0.22750 
   0.89000   0.59162   0.55835   0.41142   0.21750 
   0.86750   0.52529   0.40640   0.30236   0.25750 
   0.86000   0.54784   0.54409   0.47779   0.26750 
   0.88750   0.50978   0.45231   0.37598   0.25500 
   0.90250   0.60019   0.50337   0.43025   0.21250 
   0.89000   0.57404   0.53437   0.39085   0.24000 
   0.87000   0.59732   0.44925   0.29244   0.22000 
   0.89500   0.65401   0.59742   0.47465   0.25500 
   0.88750   0.50120   0.44939   0.34063   0.24500 
   0.90500   0.44855   0.43513   0.39352   0.19750 
   0.90250   0.60084   0.51885   0.39653   0.29250 
   0.88250   0.60268   0.54432   0.43193   0.27500 
   0.90000   0.63258   0.48979   0.30544   0.28000 
   0.90250   0.54941   0.53539   0.45234   0.28500 
   0.90250   0.64316   0.61153   0.41926   0.26250 
   0.89750   0.53815   0.55541   0.39783   0.25750 
   0.88000   0.52890   0.49182   0.41967   0.28000 
   0.90750   0.55201   0.39132   0.37144   0.28000 
   0.85250   0.55372   0.49359   0.39116   0.24500 
   0.86750   0.48303   0.43543   0.26309   0.25750 
   0.86500   0.46291   0.40794   0.35185   0.25750 
   0.88750   0.54502   0.45702   0.39281   0.26000 
   0.89750   0.56300   0.47319   0.37709   0.22750 
   0.91250   0.49047   0.42176   0.44832   0.23750 
   0.91750   0.57550   0.55698   0.42178   0.23000 
   0.88250   0.57909   0.43733   0.33758   0.24750 
   0.86750   0.54073   0.49945   0.43528   0.23750 
   0.87750   0.53904   0.51729   0.37663   0.22250 
   0.88750   0.57164   0.56120   0.37562   0.28000 
   0.89500   0.58389   0.52816   0.40585   0.23500 
   0.88000   0.60021   0.62315   0.46671   0.24250 
   0.92000   0.46929   0.49264   0.36980   0.22500 
   0.91250   0.60378   0.52797   0.33065   0.22750 
   0.89250   0.58756   0.45207   0.37555   0.27500 
   0.86500   0.59029   0.56147   0.43325   0.23500 
   0.87000   0.56466   0.54759   0.43125   0.26000 
   0.86000   0.56120   0.49699   0.44541   0.19000 
   0.90000   0.53658   0.45690   0.38337   0.23750 
   0.91000   0.64280   0.48245   0.35348   0.27250 
   0.88750   0.55065   0.48069   0.48475   0.26750 
   0.92500   0.66031   0.53981   0.44270   0.24500 
   0.86250   0.59636   0.46994   0.41996   0.20000 
   0.88750   0.56069   0.49409   0.41280   0.22500 
   0.91000   0.60889   0.43101   0.43101   0.22750 
   0.88750   0.61102   0.51428   0.42414   0.27000 
   0.89000   0.50677   0.45227   0.34997   0.22750 
   0.90000   0.57835   0.40955   0.37403   0.26000 
   0.89250   0.59074   0.51856   0.31730   0.21000 
   0.89500   0.50699   0.53544   0.30506   0.23500 
   0.85750   0.54692   0.51698   0.44098   0.24750 
   0.87500   0.55140   0.49568   0.48403   0.23250 
   0.88000   0.53530   0.46331   0.31224   0.27000 
   0.90000   0.60057   0.52020   0.47043   0.27500 
   0.90000   0.47726   0.43644   0.33206   0.22750 
   0.90250   0.63313   0.48799   0.35237   0.22250 
   0.86750   0.48608   0.47390   0.39206   0.25500 
   0.88750   0.64268   0.52683   0.41564   0.24750 
   0.88500   0.56250   0.41025   0.36245   0.25500 
   0.92250   0.57353   0.48908   0.41976   0.24250 
   0.88500   0.53942   0.41904   0.41904   0.21500 
   0.90250   0.61372   0.56942   0.36900   0.26250 
   0.88250   0.52415   0.46988   0.37626   0.22000 
   0.87250   0.57720   0.54141   0.31737   0.25250 
   0.86500   0.60073   0.53338   0.45552   0.25500 
   0.89250   0.60035   0.46737   0.44439   0.22000 
   0.90000   0.60822   0.53901   0.39360   0.24000 
   0.87000   0.51155   0.55623   0.39641   0.21000 
   0.90000   0.58590   0.54840   0.49278   0.27000 
   0.89250   0.51593   0.53110   0.34488   0.22500 
   0.90500   0.67946   0.46476   0.44571   0.26750 
   0.89750   0.59048   0.49466   0.41340   0.25250 
   0.87000   0.58749   0.49130   0.47372   0.28250 
   0.90000   0.53746   0.41478   0.36651   0.25500 
   0.88000   0.54271   0.54992   0.37852   0.24000 
   0.91250   0.57127   0.43704   0.34008   0.22750 
   0.87500   0.52570   0.56301   0.43706   0.22750 
   0.89500   0.59241   0.45655   0.39315   0.26250 
   0.88500   0.49749   0.46760   0.34036   0.25750 
   0.86000   0.57668   0.59475   0.47960   0.27000 
   0.86750   0.56617   0.44370   0.40332   0.23250 
   0.87000   0.54829   0.48552   0.40384   0.26000 
   0.89250   0.64541   0.56080   0.40224   0.27750 
   0.88500   0.51817   0.43881   0.37754   0.25500 
   0.88500   0.37199   0.45513   0.34739   0.21000 
   0.90250   0.61227   0.51029   0.42579   0.24750 
   0.90500   0.55565   0.46374   0.43214   0.23250 
   0.85750   0.55254   0.45790   0.38917   0.25000 
   0.87500   0.62463   0.50792   0.39515   0.26250 
   0.89750   0.59509   0.53065   0.45146   0.23500 
   0.86000   0.56814   0.55361   0.37757   0.24500 
   0.88500   0.60709   0.53505   0.39373   0.25500 
   0.89750   0.60977   0.53865   0.46409   0.29500 
   0.90750   0.58796   0.49903   0.39306   0.22500 
   0.89250   0.58542   0.42145   0.31431   0.26000 
   0.87000   0.52614   0.48210   0.34285   0.23000 
   0.89000   0.61920   0.48663   0.37150   0.26500 
   0.91000   0.61048   0.52647   0.41928   0.22250 
   0.88250   0.63202   0.55010   0.40418   0.25000 
   0.90750   0.58402   0.50601   0.39514   0.28250 
   0.90000   0.56751   0.51111   0.37079   0.21750 
   0.89750   0.55282   0.46391   0.40581   0.23500 
   0.90750   0.65437   0.54548   0.45617   0.25750 
   0.88500   0.60894   0.45973   0.44307   0.23000 
   0.89000   0.63422   0.56603   0.40349   0.24750 
   0.90500   0.64468   0.53000   0.44649   0.25750 
   0.88500   0.52688   0.42798   0.36852   0.25000 
   0.90750   0.56867   0.51195   0.34675   0.26500 
   0.87000   0.58751   0.49290   0.40325   0.23750 
   0.86750   0.56477   0.49507   0.37100   0.26250 
   0.89500   0.58890   0.56945   0.46942   0.25250 
   0.89500   0.46021   0.45267   0.34642   0.22750 
   0.86750   0.51829   0.48499   0.25408   0.23000 
   0.89750   0.61217   0.55678   0.35309   0.22750 
   0.89000   0.66775   0.60526   0.51267   0.29250 
   0.89250   0.59452   0.55643   0.38972   0.26750 
   0.88250   0.56506   0.52620   0.40254   0.23750 
   0.86750   0.61634   0.54908   0.41168   0.20500 
   0.89000   0.61459   0.52879   0.47052   0.25500 
   0.91250   0.62082   0.56912   0.40744   0.26250 
   0.89750   0.53139   0.52739   0.43420   0.20250 
   0.90000   0.56902   0.54796   0.44868   0.25500 
   0.89000   0.56679   0.45297   0.42504   0.25500 
   0.90000   0.57113   0.42900   0.29814   0.24000 
   0.88750   0.65874   0.54707   0.47157   0.27000 
   0.89000   0.56635   0.49710   0.40228   0.27750 
   0.89500   0.50575   0.53189   0.32449   0.20250 
   0.89000   0.59762   0.55328   0.43223   0.25500 
   0.87000   0.59524   0.55893   0.42945   0.26250 
   0.89250   0.45515   0.42513   0.29731   0.22000 
   0.90250   0.61971   0.48383   0.43345   0.25000 
   0.88750   0.61055   0.52324   0.33719   0.25250 
   0.87750   0.48937   0.46581   0.35841   0.24500 
   0.89000   0.56191   0.48820   0.36286   0.23500 
   0.90750   0.58747   0.50941   0.38853   0.22750 
   0.88250   0.56587   0.44911   0.38915   0.26250 
   0.90000   0.43923   0.45323   0.32434   0.20250 
   0.87250   0.54165   0.46954   0.37122   0.25250 
   0.89500   0.55155   0.52263   0.37396   0.26500 
   0.90000   0.62866   0.50391   0.43277   0.28250 
   0.89250   0.63410   0.50498   0.39687   0.21000 
   0.90500   0.55320   0.54537   0.45727   0.27750 
   0.90500   0.59579   0.53030   0.37549   0.23250 
   0.89500   0.57143   0.50296   0.43013   0.28000 
   0.90500   0.55021   0.48301   0.46719   0.26250 
   0.92250   0.49553   0.42488   0.29917   0.21500 
   0.87500   0.60860   0.49761   0.34222   0.24750 
   0.90000   0.54428   0.43639   0.41846   0.21750 
   0.87250   0.58291   0.47466   0.49297   0.21500 
   0.87750   0.59868   0.52383   0.35326   0.24250 
   0.87250   0.53915   0.46030   0.36242   0.20750 
   0.87250   0.55041   0.45647   0.36467   0.25750 
   0.89000   0.59695   0.55994   0.41530   0.27500 
   0.87750   0.58692   0.55013   0.39677   0.27750 
   0.90750   0.56167   0.51876   0.45429   0.26250 
   0.88750   0.58385   0.54025   0.41314   0.24250 
   0.83750   0.59327   0.49006   0.42182   0.25250 
   0.91500   0.63990   0.54397   0.46150   0.20500 
   0.89000   0.59090   0.49428   0.44859   0.25500 
   0.88750   0.57811   0.45909   0.45909   0.20750 
   0.89500   0.64960   0.50172   0.35789   0.24750 
   0.91750   0.61981   0.51519   0.43223   0.27250 
   0.89750   0.52281   0.53450   0.45740   0.23250 
   0.87250   0.58708   0.46212   0.44047   0.25750 
   0.87750   0.47074   0.56389   0.35539   0.26750 
   0.87500   0.65740   0.46573   0.42240   0.20750 
   0.90250   0.57436   0.56694   0.45545   0.28250 
   0.90500   0.65206   0.48621   0.40219   0.24500 
   0.89500   0.58598   0.40637   0.43731   0.24500 
   0.88000   0.51161   0.34550   0.23148   0.21250 
   0.90250   0.60475   0.51695   0.44924   0.26000 
   0.88500   0.50004   0.48304   0.34763   0.22250 
   0.88750   0.60080   0.49287   0.39547   0.27250 
   0.89750   0.58677   0.57465   0.38638   0.25500 
   0.89500   0.54682   0.53110   0.42026   0.23000 
   0.89500   0.59053   0.53203   0.45048   0.25250 
   0.90000   0.48465   0.37400   0.31860   0.26500 
   0.89750   0.59405   0.54574   0.45841   0.25500 
   0.87500   0.57595   0.47702   0.36496   0.27000 
   0.90750   0.60342   0.57025   0.41691   0.25500 
   0.88500   0.52411   0.39741   0.38894   0.21500 
   0.90000   0.51946   0.44899   0.35724   0.28500 
   0.91000   0.54821   0.51549   0.44067   0.25500 
   0.88250   0.50521   0.41538   0.37557   0.24500 
   0.88000   0.52676   0.44775   0.43229   0.26250 
   0.88750   0.60370   0.51973   0.41504   0.24750 
   0.88750   0.54959   0.49637   0.22744   0.21250 
   0.89750   0.60956   0.55735   0.41063   0.24250 
   0.87750   0.59584   0.51502   0.36645   0.22000 
   0.91750   0.63193   0.52074   0.32911   0.22500 
   0.89000   0.61526   0.50079   0.29687   0.23000 
   0.89500   0.57457   0.52916   0.49435   0.24250 
   0.87250   0.62239   0.44890   0.45326   0.24500 
   0.85750   0.58685   0.48918   0.29444   0.24750 
   0.90750   0.62354   0.54247   0.39388   0.26750 
   0.89250   0.60357   0.42003   0.31185   0.19750 
   0.88250   0.58036   0.56573   0.44590   0.22000 
   0.87250   0.60923   0.43411   0.40447   0.24250 
   0.92500   0.53810   0.38859   0.36727   0.25000 
   0.87500   0.51231   0.56455   0.40187   0.27250 
   0.88500   0.55556   0.54756   0.40176   0.27500 
   0.90750   0.61810   0.52544   0.40546   0.22250 
   0.91750   0.59785   0.48895   0.38247   0.21000 
   0.90750   0.60187   0.54708   0.49158   0.26500 
   0.89250   0.54426   0.42686   0.43651   0.23750 
   0.92250   0.49664   0.45149   0.28423   0.25750 
   0.86500   0.55104   0.53968   0.39711   0.26500 
   0.89750   0.60920   0.57841   0.41791   0.24000 
   0.87250   0.64583   0.48818   0.38287   0.28250 
   0.87000   0.54390   0.56228   0.34130   0.26000 
   0.88250   0.56616   0.45200   0.30301   0.24750 
   0.88750   0.57121   0.53494   0.45291   0.24500 
   0.87500   0.61511   0.54020   0.45627   0.21000 
   0.91000   0.63823   0.57656   0.43502   0.21000 
   0.87750   0.52358   0.45528   0.44634   0.21750 
   0.90750   0.56633   0.51777   0.35477   0.23000 
   0.86000   0.63741   0.49078   0.38589   0.25750 
   0.88250   0.54359   0.48536   0.31074   0.24750 
   0.91000   0.60861   0.56081   0.52200   0.27250 
   0.88000   0.52927   0.47632   0.34759   0.22000 
   0.92500   0.59835   0.51050   0.34278   0.21250 
   0.88750   0.58948   0.48665   0.34176   0.25000 
   0.89000   0.57963   0.51639   0.45627   0.24250 
   0.88750   0.61562   0.55634   0.41551   0.26500 
   0.90000   0.56035   0.48500   0.39237   0.28000 
   0.87750   0.63206   0.54422   0.45657   0.24500 
   0.89750   0.57402   0.44770   0.41414   0.24750 
   0.87750   0.51765   0.44705   0.38283   0.23000 
   0.89750   0.66467   0.59183   0.43378   0.24250 
   0.87750   0.63554   0.45293   0.32714   0.24500 
   0.87500   0.56868   0.52223   0.41567   0.23750 
   0.88500   0.54076   0.51432   0.32529   0.20750 
   0.89250   0.65359   0.54174   0.45641   0.24000 
   0.87000   0.63756   0.58515   0.43610   0.24000 
   0.90000   0.51995   0.51271   0.37292   0.27000 
   0.87000   0.50519   0.50519   0.42944   0.23000 
   0.90250   0.53365   0.49680   0.41751   0.26500 
   0.90250   0.56384   0.40393   0.30608   0.24250 
   0.92000   0.54957   0.49949   0.41905   0.25000 
   0.87750   0.55870   0.47586   0.44047   0.22750 
   0.91250   0.62928   0.54721   0.39465   0.24000 
   0.91000   0.56781   0.48023   0.38416   0.24250 
   0.91750   0.59751   0.53239   0.40783   0.25250 
   0.87000   0.59948   0.47106   0.39098   0.25250 
   0.92000   0.58096   0.50438   0.44535   0.25000 
   0.87500   0.58950   0.47897   0.41337   0.20250 
   0.91250   0.55858   0.42792   0.36571   0.24250 
   0.87750   0.52678   0.41276   0.44042   0.21250 
   0.89000   0.56073   0.49155   0.33696   0.22000 
   0.93000   0.59653   0.61959   0.42319   0.27750 
   0.89500   0.61592   0.34564   0.28365   0.21500 
   0.89500   0.57398   0.51212   0.41033   0.26000 
   0.87500   0.51441   0.52177   0.40322   0.24500 
   0.88000   0.49237   0.47737   0.37973   0.26750 
   0.86500   0.59455   0.42878   0.39954   0.23750 
   0.88500   0.56839   0.55092   0.37423   0.22000 
   0.87500   0.52416   0.48795   0.37868   0.22000 
   0.90000   0.59502   0.56740   0.42030   0.24500 
   0.89500   0.62401   0.55308   0.36921   0.22500 
   0.87000   0.58538   0.58922   0.32594   0.25000 
   0.86000   0.56410   0.52116   0.45662   0.22000 
   0.88750   0.60091   0.46750   0.40780   0.25500 
   0.86000   0.64935   0.45753   0.44126   0.26500 
   0.89250   0.65650   0.55125   0.47914   0.24500 
   0.89750   0.58898   0.50020   0.45647   0.27500 
   0.91250   0.58943   0.54190   0.44838   0.26000 
   0.91750   0.55573   0.51411   0.37278   0.25500 
   0.89000   0.64216   0.48108   0.35111   0.25500 
   0.88500   0.63431   0.54833   0.40402   0.25250 
   0.92750   0.67882   0.50135   0.45130   0.24250 
   0.90500   0.55804   0.44145   0.31176   0.21750 
   0.86750   0.48387   0.49507   0.39564   0.23000 
   0.88500   0.63520   0.55867   0.48747   0.26500 
   0.88000   0.57995   0.49436   0.39365   0.24250 
   0.90000   0.56539   0.50582   0.41853   0.24000 
   0.89500   0.64573   0.58098   0.43090   0.25500 
   0.90750   0.62871   0.52044   0.36437   0.26750 
   0.89750   0.64578   0.50014   0.50430   0.24000 
   0.89500   0.57562   0.46835   0.47709   0.27000 
   0.89000   0.58980   0.47309   0.38404   0.24750 
   0.86750   0.52018   0.53988   0.31851   0.23500 
   0.90250   0.68146   0.57498   0.39864   0.27000 
   0.90750   0.60641   0.54673   0.43268   0.24250 
   0.90500   0.64151   0.46112   0.40191   0.26500 
   0.89250   0.55119   0.52808   0.46484   0.28000 
   0.90250   0.62532   0.53601   0.38969   0.20500 
   0.89250   0.57398   0.44350   0.40476   0.23500 
   0.90750   0.50330   0.46586   0.31481   0.22250 
   0.89750   0.57391   0.48760   0.46460   0.25250 
   0.90250   0.67635   0.50439   0.38753   0.23500 
   0.87250   0.60655   0.48228   0.39113   0.27750 
   0.90500   0.58507   0.49734   0.29119   0.21250 
   0.91500   0.56882   0.50933   0.45145   0.25000 
   0.86500   0.55918   0.50228   0.31302   0.26750 
   0.89750   0.56035   0.39964   0.35952   0.27000 
   0.90250   0.60502   0.55325   0.44555   0.24750 
   0.91750   0.56940   0.54265   0.43942   0.26000 
   0.89250   0.54596   0.45870   0.37873   0.24000 
   0.92250   0.51101   0.45741   0.38197   0.22500 
   0.88250   0.59301   0.47121   0.28642   0.24250 
   0.88500   0.63031   0.51481   0.39329   0.21250 
   0.87750   0.47037   0.52693   0.28325   0.22500 
   0.90000   0.55564   0.43120   0.22250   0.22250 
   0.90250   0.61913   0.57367   0.44370   0.22250 
   0.86500   0.58198   0.49305   0.43697   0.21500 
   0.91500   0.65321   0.53725   0.55043   0.26000 
   0.90500   0.58548   0.47709   0.43328   0.18750 
   0.89500   0.62147   0.55813   0.45739   0.23500 
   0.89750   0.61533   0.45163   0.33516   0.23500 
   0.89750   0.59845   0.49782   0.40280   0.25250 
   0.89750   0.60177   0.52868   0.41490   0.23750 
   0.90000   0.60122   0.61417   0.40921   0.25750 
   0.90000   0.56318   0.46732   0.40347   0.20500 
   0.89000   0.65839   0.47513   0.33048   0.24750 
   0.89500   0.56855   0.42130   0.35946   0.21750 
   0.86750   0.54669   0.50082   0.34425   0.27250 
   0.91000   0.55714   0.51137   0.37486   0.22500 
   0.87000   0.51799   0.46303   0.51421   0.25000 
   0.88750   0.65932   0.50245   0.43333   0.27000 
   0.91500   0.60665   0.58525   0.44369   0.29500 
   0.89500   0.61361   0.51196   0.39641   0.26750 
   0.89750   0.56948   0.49093   0.32233   0.24000 
   0.86000   0.63740   0.59359   0.47138   0.24250 
   0.91500   0.55167   0.55615   0.38216   0.21750 
   0.89750   0.58376   0.55388   0.40783   0.24000 
   0.87750   0.52609   0.50535   0.33554   0.23500 
   0.89750   0.54162   0.52341   0.38536   0.24500 
   0.90250   0.57859   0.50900   0.42232   0.26000 
   0.88500   0.56629   0.49324   0.44970   0.25500 
   0.88250   0.57461   0.50613   0.34671   0.26500 
   0.86500   0.55049   0.45605   0.42427   0.24750 
   0.91750   0.64065   0.61230   0.37494   0.24750 
   0.90250   0.57369   0.52784   0.45144   0.21000 
   0.88750   0.66479   0.51149   0.46450   0.24250 
   0.88250   0.53290   0.45512   0.38103   0.22500 
   0.88750   0.58844   0.46919   0.43256   0.25250 
   0.88750   0.64561   0.56204   0.45459   0.27750 
   0.89500   0.63223   0.51654   0.50155   0.26250 
   0.89500   0.54899   0.54122   0.34294   0.23000 
   0.87750   0.60321   0.49929   0.46872   0.28750 
   0.89000   0.60023   0.45996   0.48302   0.22750 
   0.89500   0.62597   0.47942   0.47149   0.26000 
   0.87500   0.65718   0.55977   0.50597   0.24000 
   0.89000   0.62306   0.55030   0.36787   0.21250 
   0.89000   0.50378   0.48733   0.40400   0.22000 
   0.90250   0.62257   0.58480   0.44661   0.22500 
   0.87500   0.53195   0.48128   0.44668   0.25500 
   0.93000   0.48225   0.47246   0.27832   0.20250 
   0.88500   0.55613   0.54820   0.33708   0.23500 
   0.89750   0.52681   0.47106   0.36023   0.25000 
   0.91250   0.66299   0.59697   0.51722   0.23500 
   0.87000   0.55699   0.49739   0.35130   0.23750 
   0.87250   0.58243   0.52237   0.36162   0.22750 
   0.88000   0.56058   0.54647   0.45973   0.24500 
   0.90250   0.59523   0.53704   0.44511   0.26500 
   0.90000   0.47597   0.47211   0.40750   0.26000 
   0.89500   0.53973   0.54733   0.46385   0.28500 
   0.88500   0.57785   0.46313   0.40289   0.23750 
   0.91000   0.57297   0.56095   0.45326   0.24500 
   0.89250   0.60987   0.55419   0.38417   0.23750 
   0.88500   0.52203   0.47305   0.37512   0.23750 
   0.87000   0.52003   0.45325   0.34320   0.25000 
   0.87500   0.58392   0.47055   0.42277   0.23000 
   0.86250   0.58422   0.48619   0.45189   0.25250 
   0.87000   0.49692   0.48243   0.37035   0.27250 
   0.90500   0.61808   0.49670   0.39279   0.24750 
   0.87750   0.59973   0.56057   0.38737   0.24500 
   0.91250   0.59990   0.53660   0.41817   0.24000 
   0.90750   0.60411   0.55027   0.37218   0.23750 
   0.89250   0.68220   0.54870   0.43110   0.25500 
   0.88500   0.49481   0.44069   0.32546   0.26250 
   0.92000   0.61995   0.56925   0.44393   0.27000 
   0.88750   0.57838   0.47504   0.36207   0.24500 
   0.89000   0.46872   0.41576   0.35375   0.20500 
   0.86500   0.49353   0.46499   0.31011   0.24000 
   0.87500   0.61882   0.50621   0.46733   0.29500 
   0.87500   0.59284   0.47736   0.37989   0.21750 
   0.91500   0.45105   0.42743   0.28026   0.26250 
   0.92500   0.60889   0.49225   0.44545   0.25500 
   0.88500   0.50669   0.44729   0.37348   0.24500 
   0.88500   0.56357   0.51520   0.43403   0.24500 
   0.93250   0.56950   0.58732   0.42085   0.28500 
   0.85500   0.53800   0.45893   0.35422   0.24500 
   0.92250   0.58638   0.45395   0.36267   0.19500 
   0.90750   0.54741   0.50775   0.38499   0.24500 
   0.90000   0.52061   0.53764   0.37506   0.26750 
   0.87750   0.60922   0.50576   0.44150   0.27500 
   0.90750   0.48200   0.41130   0.43414   0.24750 
   0.89750   0.60538   0.50342   0.43792   0.26250 
   0.90250   0.60043   0.47224   0.41587   0.27750 
   0.91500   0.53846   0.49910   0.38737   0.26500 
   0.89750   0.48483   0.45416   0.40365   0.22000 
   0.90250   0.53301   0.52076   0.39208   0.22000 
   0.84500   0.57634   0.49690   0.40584   0.27750 
   0.92750   0.59597   0.49756   0.34351   0.24000 
   0.89000   0.59231   0.43977   0.35317   0.25250 
   0.90500   0.57262   0.41593   0.42100   0.27500 
   0.88750   0.60208   0.48220   0.38974   0.25000 
   0.89000   0.56514   0.48959   0.44430   0.24500 
   0.86750   0.47990   0.46165   0.32619   0.23750 
   0.88250   0.57375   0.52248   0.48040   0.22500 
   0.90500   0.53219   0.42519   0.39212   0.25000 
   0.88250   0.53079   0.47151   0.33424   0.23250 
   0.88250   0.49836   0.43240   0.32254   0.21500 
   0.88750   0.59586   0.50247   0.45217   0.23500 
   0.90250   0.60640   0.52746   0.41735   0.22000 
   0.88250   0.50050   0.44941   0.30947   0.25000 
   0.88000   0.52160   0.42176   0.35388   0.20250 
   0.87000   0.60307   0.48978   0.34233   0.25500 
   0.87000   0.54615   0.53280   0.49120   0.26250 
   0.91000   0.63535   0.41460   0.43248   0.27000 
   0.85250   0.55603   0.53075   0.46561   0.23500 
   0.88750   0.52978   0.44718   0.30681   0.21000 
   0.88500   0.60961   0.49081   0.45518   0.26000 
   0.90750   0.63012   0.53499   0.40412   0.26000 
   0.86750   0.57878   0.49001   0.34168   0.22250 
   0.90500   0.56013   0.50007   0.40127   0.24250 
   0.90250   0.64324   0.53052   0.44163   0.23500 
   0.90750   0.57953   0.46311   0.39999   0.23750 
   0.90250   0.55352   0.42194   0.36508   0.23750 
   0.89250   0.59531   0.50556   0.38981   0.24000 
   0.88250   0.50999   0.43633   0.39196   0.23500 
   0.91000   0.55245   0.55671   0.53956   0.21500 
   0.87750   0.57291   0.54667   0.42595   0.27000 
   0.89250   0.50954   0.47914   0.43542   0.23500 
   0.88000   0.57757   0.46911   0.37758   0.24750 
   0.89000   0.57315   0.51666   0.29835   0.22500 
   0.90250   0.47561   0.50922   0.37403   0.23250 
   0.89750   0.58852   0.45463   0.44612   0.33250 
   0.91250   0.50589   0.56927   0.30573   0.23250 
   0.91250   0.62659   0.45587   0.37513   0.25250 
   0.91500   0.59061   0.55002   0.45322   0.24000 
   0.88250   0.52273   0.48796   0.45109   0.26250 
   0.89000   0.57436   0.50967   0.46279   0.28500 
   0.88500   0.63750   0.57575   0.42785   0.24500 
   0.89750   0.58970   0.51786   0.35618   0.20250 
   0.88500   0.58134   0.48321   0.31473   0.24500 
   0.91500   0.59425   0.43129   0.41550   0.25000 
   0.90000   0.62523   0.56705   0.46650   0.25750 
   0.89000   0.64078   0.58126   0.41777   0.25000 
   0.88250   0.51621   0.56703   0.37862   0.25750 
   0.91000   0.56136   0.50215   0.41104   0.25250 
   0.89500   0.53184   0.54634   0.34581   0.21500 
   0.90000   0.56867   0.42917   0.38360   0.22500 
   0.87750   0.61590   0.53453   0.48083   0.25750 
   0.86000   0.57511   0.46760   0.36929   0.23500 
   0.90000   0.58770   0.47162   0.49368   0.21750 
   0.89500   0.58345   0.50855   0.31435   0.22500 
   0.93250   0.62237   0.51252   0.43875   0.26500 
   0.88750   0.52237   0.46480   0.36022   0.26500 
   0.90000   0.52377   0.38052   0.32107   0.20750 
   0.90000   0.59676   0.51428   0.35583   0.25750 
   0.88750   0.57143   0.47002   0.36696   0.27250 
   0.90000   0.54817   0.48723   0.37900   0.26750 
   0.90500   0.55466   0.43050   0.37127   0.23500 
   0.90500   0.57599   0.52391   0.39241   0.27500 
   0.88000   0.50798   0.42277   0.32815   0.21250 
   0.91750   0.59301   0.39921   0.35236   0.21500 
   0.90500   0.59234   0.53852   0.46438   0.28250 
   0.89750   0.53172   0.44266   0.31856   0.21500 
   0.91750   0.63521   0.56202   0.47936   0.24500 
   0.88250   0.45252   0.44866   0.31649   0.21750 
   0.89500   0.59406   0.46135   0.41635   0.23250 
   0.89000   0.52797   0.48844   0.35488   0.27500 
   0.90500   0.51827   0.43657   0.32350   0.25500 
   0.90000   0.62941   0.61734   0.42658   0.25250 
   0.92250   0.61535   0.50603   0.48064   0.21500 
   0.88500   0.52797   0.43259   0.36994   0.24250 
   0.87750   0.56831   0.49496   0.39894   0.25750 
   0.88000   0.58427   0.47012   0.41078   0.23000 
   0.87000   0.63485   0.58701   0.49936   0.28000 
   0.91000   0.45338   0.39345   0.37092   0.21750 
   0.90000   0.58669   0.51108   0.42754   0.25250 
   0.88000   0.53135   0.49011   0.35180   0.22750 
   0.89000   0.57753   0.45757   0.37824   0.23500 
   0.89000   0.57950   0.48150   0.36016   0.24000 
   0.89500   0.51197   0.54054   0.35806   0.24250 
   0.88000   0.51371   0.45445   0.42298   0.24000 
   0.87500   0.51893   0.46395   0.22889   0.23500 
   0.86500   0.54294   0.47857   0.36054   0.20750 
   0.86500   0.48540   0.43421   0.32486   0.28750 
   0.89750   0.58312   0.49333   0.40337   0.24000 
   0.88000   0.58651   0.55432   0.39251   0.23250 
   0.91750   0.53162   0.42776   0.39352   0.22250 
   0.88750   0.70837   0.47049   0.46113   0.25250 
   0.87000   0.45935   0.40304   0.28160   0.23750 
   0.89250   0.55640   0.46451   0.40934   0.24500 
   0.85750   0.53855   0.45479   0.37075   0.25000 
   0.89000   0.56502   0.52326   0.41910   0.22000 
   0.84750   0.53827   0.55179   0.46572   0.25250 
   0.85500   0.63683   0.51365   0.49824   0.24500 
   0.85750   0.51474   0.49156   0.38625   0.23500 
   0.90000   0.63458   0.54705   0.52232   0.26250 
   0.92000   0.59781   0.46906   0.38302   0.26500 
   0.88500   0.58612   0.51016   0.37059   0.25750 
   0.90000   0.59414   0.53704   0.37948   0.22000 
   0.89000   0.56513   0.42037   0.34359   0.22000 
   0.88250   0.52978   0.50125   0.41540   0.25750 
   0.89250   0.60250   0.53567   0.42388   0.26500 
   0.89500   0.60525   0.48467   0.34678   0.22000 
   0.88250   0.54862   0.49420   0.37218   0.21250 
   0.91500   0.59531   0.56184   0.41998   0.25750 
   0.91250   0.55608   0.45764   0.42038   0.20500 
   0.88000   0.53703   0.49298   0.36207   0.24750 
   0.90250   0.56773   0.55793   0.38489   0.24500 
   0.89750   0.70798   0.64521   0.48762   0.26750 
   0.89500   0.57527   0.51738   0.30390   0.21750 
   0.87250   0.59996   0.47935   0.40260   0.25750 
   0.91250   0.58871   0.57742   0.37775   0.22250 
   0.87500   0.55607   0.48983   0.36542   0.26500 
   0.88750   0.53297   0.46662   0.41784   0.25250 
   0.88000   0.55473   0.47314   0.28950   0.19750 
   0.88000   0.56536   0.52145   0.36450   0.25500 
   0.88750   0.55498   0.47883   0.38619   0.26750 
   0.90000   0.53583   0.50838   0.31113   0.22750 
   0.87500   0.50985   0.45016   0.36372   0.25750 
   0.89000   0.64338   0.56149   0.35789   0.24000 
   0.89500   0.61283   0.56000   0.49108   0.26750 
   0.90250   0.61260   0.43871   0.35116   0.24250 
   0.90000   0.57016   0.46877   0.30826   0.23750 
   0.91500   0.49073   0.47240   0.40526   0.21250 
   0.88250   0.63060   0.51907   0.44033   0.25250 
   0.89750   0.61403   0.50510   0.40626   0.27000 
   0.90500   0.57264   0.48697   0.30674   0.22750 
   0.90250   0.56270   0.46234   0.39277   0.25750 
   0.88750   0.58639   0.48056   0.33227   0.24750 
   0.89000   0.56862   0.47075   0.43712   0.24500 
   0.89750   0.56757   0.56757   0.38411   0.26250 
   0.89500   0.65697   0.51581   0.44454   0.30000 
   0.88250   0.54908   0.54500   0.38484   0.24250 
   0.88500   0.52765   0.41632   0.40217   0.24250 
   0.90250   0.51977   0.41715   0.37442   0.29000 
   0.85750   0.47570   0.42844   0.28678   0.24250 
   0.88750   0.54668   0.51555   0.28741   0.18750 
   0.90500   0.59216   0.56824   0.38925   0.22000 
   0.89500   0.57660   0.52340   0.42445   0.25750 
   0.88750   0.58306   0.49574   0.38784   0.22500 
   0.89250   0.53868   0.54687   0.49218   0.24750 
   0.90500   0.63235   0.58553   0.42570   0.28750 
   0.88250   0.54531   0.50748   0.37597   0.21500 
   0.88250   0.51963   0.38313   0.35316   0.23750 
   0.90750   0.59299   0.45794   0.35213   0.24250 
   0.85750   0.61479   0.50462   0.33850   0.24000 
   0.88250   0.54705   0.51176   0.30347   0.23500 
   0.90750   0.56498   0.43135   0.31551   0.20500 
   0.89500   0.65609   0.53004   0.53004   0.23500 
   0.87500   0.60674   0.55538   0.51155   0.26000 
   0.87750   0.55361   0.50415   0.31585   0.25750 
   0.90500   0.50196   0.35622   0.32938   0.24250 
   0.91250   0.64654   0.52268   0.44580   0.29000 
   0.89750   0.57280   0.44370   0.38084   0.25250 
   0.89000   0.58314   0.48156   0.41004   0.25250 
   0.89000   0.60575   0.49095   0.35266   0.25500 
   0.87250   0.67252   0.45834   0.40808   0.25750 
   0.91250   0.55521   0.50433   0.36158   0.26500 
   0.90750   0.59506   0.58314   0.42956   0.28000 
   0.91250   0.59075   0.53384   0.37584   0.29750 
   0.89000   0.57281   0.52555   0.40005   0.26500 
   0.91250   0.63290   0.63734   0.44786   0.22500 
   0.89500   0.52598   0.54722   0.40970   0.24750 
   0.90500   0.56528   0.52153   0.45180   0.24500 
   0.91000   0.51954   0.39639   0.29260   0.25250 
   0.90500   0.60889   0.48000   0.43239   0.24000 
   0.88250   0.61051   0.52562   0.42051   0.23500 
   0.88750   0.55010   0.50608   0.40386   0.22250 
   0.91000   0.54544   0.50558   0.40443   0.24500 
   0.88250   0.52962   0.47434   0.36421   0.24750 
   0.91250   0.58629   0.47213   0.37314   0.25750 
   0.90500   0.53710   0.44989   0.40434   0.27250 
   0.85000   0.59281   0.45937   0.36922   0.25250 
   0.90000   0.51541   0.42465   0.35797   0.20000 
   0.89000   0.51244   0.47904   0.34309   0.28250 
   0.91250   0.53885   0.57484   0.38662   0.25250 
   0.87500   0.51803   0.50225   0.39910   0.26750 
   0.89250   0.59107   0.53738   0.33345   0.29500 
   0.89000   0.65151   0.52601   0.47702   0.24750 
   0.91750   0.61854   0.58702   0.38381   0.25500 
   0.87250   0.54433   0.42859   0.31570   0.24250 
   0.90500   0.55037   0.48810   0.40823   0.22000 
   0.88000   0.64399   0.55976   0.42743   0.25750 
   0.87750   0.55914   0.52242   0.37798   0.27000 
   0.90500   0.56555   0.52574   0.39966   0.24000 
   0.88500   0.54126   0.47919   0.41586   0.28750 
   0.88000   0.59298   0.53734   0.46942   0.31250 
   0.87000   0.52428   0.43409   0.36378   0.26750 
   0.91250   0.60570   0.47714   0.38784   0.25000 
   0.89750   0.56863   0.40816   0.28650   0.24000 
   0.85250   0.51995   0.47134   0.41030   0.24250 
   0.86000   0.63987   0.53969   0.42344   0.25000 
   0.89750   0.52576   0.45432   0.32167   0.24500 
   0.92750   0.68900   0.53237   0.46705   0.31000 
   0.87500   0.56565   0.59505   0.45043   0.26000 
   0.90500   0.58379   0.48293   0.32129   0.24750 
   0.91000   0.57159   0.49903   0.47027   0.25000 
   0.89250   0.49132   0.46699   0.34019   0.24250 
   0.90000   0.56281   0.45615   0.45190   0.25000 
   0.90750   0.52069   0.45090   0.28263   0.22500 
   0.90250   0.61396   0.46252   0.54439   0.30000 
   0.93500   0.53324   0.46648   0.40246   0.24250 
   0.86000   0.53737   0.40829   0.36166   0.27500 
   0.90000   0.57916   0.53943   0.41534   0.27750 
   0.91250   0.56408   0.51153   0.38009   0.24250 
   0.89750   0.57588   0.46926   0.40707   0.23250 
   0.91500   0.56640   0.53542   0.45173   0.22250 
   0.90000   0.59530   0.51433   0.43692   0.26000 
   0.88500   0.50600   0.52836   0.38263   0.27250 
   0.90250   0.68332   0.57533   0.38582   0.23000 
   0.90500   0.57317   0.50647   0.37661   0.25500 
   0.89750   0.58965   0.52465   0.39687   0.28750 
   0.89000   0.51362   0.52219   0.27844   0.24750 
   0.89000   0.60420   0.52575   0.46030   0.26250 
   0.93500   0.64239   0.52783   0.52006   0.26750 
   0.90750   0.66262   0.54370   0.35249   0.28750 
   0.87750   0.58214   0.52418   0.48808   0.29500 
   0.86500   0.55556   0.48247   0.39646   0.25000 
   0.87750   0.55832   0.42678   0.34250   0.27250 
   0.91250   0.58689   0.47137   0.35638   0.22750 
   0.89750   0.57597   0.45884   0.40352   0.25000 
   0.88250   0.56075   0.45637   0.36135   0.26750 
   0.90250   0.57257   0.50744   0.40881   0.21250 
   0.87500   0.52053   0.39515   0.21349   0.28750 
   0.90750   0.62268   0.45490   0.34419   0.25250 
   0.88750   0.53191   0.40518   0.36608   0.25000 
   0.90750   0.62425   0.52273   0.41769   0.26250 
   0.90000   0.59025   0.50463   0.38873   0.23500 
   0.90500   0.53186   0.44127   0.38205   0.27250 
   0.91500   0.69040   0.46155   0.38861   0.22750 
   0.91000   0.59717   0.41713   0.37589   0.26000 
   0.90500   0.65752   0.58686   0.46631   0.26750 
   0.87250   0.61174   0.53055   0.46313   0.28000 
   0.85000   0.61662   0.51328   0.42449   0.22750 
   0.90500   0.56327   0.52318   0.38411   0.27500 
   0.91500   0.67035   0.50060   0.38747   0.26250 
   0.88750   0.57786   0.52797   0.42248   0.25500 
   0.87250   0.58570   0.55386   0.46553   0.28000 
   0.89000   0.54040   0.52504   0.40662   0.23000 
   0.90000   0.63171   0.51065   0.45146   0.22500 
   0.88250   0.56811   0.48926   0.34278   0.23750 
   0.90250   0.56902   0.48713   0.38113   0.24250 
   0.92000   0.55596   0.47149   0.36545   0.24750 
   0.85000   0.48541   0.39395   0.35593   0.22750 
   0.89000   0.53869   0.50242   0.40042   0.25250 
   0.88000   0.61669   0.57351   0.41584   0.26000 
   0.89000   0.53569   0.48841   0.40513   0.30000 
   0.88000   0.52869   0.52474   0.46725   0.24250 
   0.90500   0.60741   0.56316   0.37649   0.23750 
   0.92500   0.60343   0.45407   0.33014   0.23750 
   0.91000   0.56434   0.43190   0.30877   0.23250 
   0.87750   0.57713   0.51970   0.45644   0.28750 
   0.90000   0.49591   0.46546   0.37739   0.23750 
   0.91250   0.57261   0.43665   0.40746   0.21750 
   0.88250   0.52910   0.42985   0.36737   0.23500 
   0.90250   0.60016   0.56445   0.39244   0.28000 
   0.90500   0.66634   0.64424   0.42362   0.25750 
   0.92250   0.61913   0.50144   0.30375   0.22500 
   0.88250   0.54234   0.44912   0.42393   0.24000 
   0.87750   0.50453   0.36672   0.31661   0.22750 
   0.90250   0.64351   0.60565   0.44829   0.27750 
   0.86250   0.58854   0.42300   0.39080   0.23500 
   0.90750   0.54735   0.41389   0.36375   0.21750 
   0.88500   0.55935   0.53761   0.46816   0.23750 
   0.88250   0.54570   0.41154   0.35858   0.26250 
   0.87250   0.49758   0.40656   0.27765   0.23250 
   0.88500   0.63517   0.46833   0.37930   0.22000 
   0.86750   0.58275   0.50916   0.43532   0.26000 
   0.87750   0.66061   0.51645   0.52978   0.23250 
   0.89750   0.59932   0.53089   0.42558   0.25500 
   0.92750   0.59789   0.52902   0.45437   0.26250 
   0.93500   0.54778   0.55210   0.40595   0.24500 
   0.89000   0.60196   0.47541   0.44731   0.24000 
   0.89000   0.57186   0.46063   0.33808   0.24000 
   0.85250   0.54716   0.47381   0.41515   0.25250 
   0.88500   0.56200   0.58953   0.33882   0.23250 
   0.90500   0.63491   0.51172   0.46073   0.23500 
   0.87250   0.45964   0.41839   0.37986   0.23750 
   0.89500   0.54944   0.48558   0.27827   0.20750 
   0.89500   0.63234   0.49873   0.46743   0.23750 
   0.89000   0.54284   0.54284   0.43811   0.28000 
   0.88500   0.59157   0.56976   0.45002   0.25000 
   0.89000   0.48263   0.36277   0.34922   0.21750 
   0.89250   0.55228   0.51359   0.40171   0.27000 
   0.89000   0.50725   0.51984   0.34589   0.22250 
   0.90000   0.50511   0.49278   0.41024   0.22000 
   0.89750   0.50515   0.53229   0.35611   0.23750 
   0.88750   0.62090   0.46218   0.46218   0.27250 
   0.89250   0.52383   0.48491   0.47602   0.25750 
   0.89750   0.58830   0.53670   0.48091   0.24750 
   0.87750   0.57291   0.53276   0.37901   0.25750 
   0.89250   0.52770   0.39992   0.31986   0.23500 
   0.86000   0.48670   0.44755   0.36259   0.24250 
   0.91500   0.63165   0.52372   0.44981   0.21750 
   0.90000   0.54782   0.44261   0.31166   0.23000 
   0.91250   0.48382   0.47132   0.27900   0.25000 
   0.88500   0.57599   0.56190   0.42148   0.22750 
   0.89750   0.70052   0.63261   0.53015   0.27000 
   0.89250   0.58322   0.48921   0.37886   0.23500 
   0.90000   0.57339   0.50553   0.33722   0.25000 
   0.91000   0.62500   0.57019   0.46559   0.20750 
   0.87750   0.53454   0.46052   0.39508   0.25250 
   0.89250   0.52005   0.54247   0.39286   0.22000 
   0.90000   0.57958   0.44308   0.26271   0.21750 
   0.86000   0.52028   0.50840   0.30852   0.25250 
   0.88250   0.59382   0.53069   0.47448   0.25750 
   0.87000   0.55508   0.53241   0.40337   0.22000 
   0.88500   0.49117   0.45167   0.36053   0.23500 
   0.90000   0.59067   0.52649   0.44359   0.25750 
   0.90750   0.56090   0.44463   0.43467   0.22750 
   0.87250   0.57197   0.44641   0.27514   0.19500 
   0.88000   0.58226   0.52261   0.49767   0.28250 
   0.87000   0.59483   0.50111   0.42932   0.25750 
   0.87250   0.61316   0.55319   0.43575   0.23250 
   0.89250   0.55791   0.51137   0.46209   0.22750 
   0.89000   0.57962   0.51667   0.42166   0.26500 
   0.89750   0.47232   0.47645   0.34740   0.24750 
   0.90500   0.53835   0.59280   0.39250   0.25250 
   0.87500   0.44235   0.54551   0.36098   0.20500 
   0.88250   0.53297   0.46392   0.37330   0.27250 
   0.88750   0.66796   0.53724   0.39514   0.24500 
   0.91250   0.66587   0.62340   0.49558   0.24250 
   0.87500   0.61062   0.51092   0.32742   0.26000 
   0.88000   0.52575   0.49671   0.43042   0.22750 
   0.90750   0.62646   0.52535   0.40669   0.23750 
   0.89250   0.57966   0.40927   0.36526   0.24250 
   0.88000   0.54573   0.50889   0.39358   0.26500 
   0.89750   0.54359   0.53496   0.46722   0.26500 
   0.86750   0.61471   0.54150   0.43396   0.24250 
   0.89250   0.58933   0.57483   0.43773   0.24750 
   0.90000   0.53275   0.50521   0.39739   0.23500 
   0.89000   0.62347   0.47594   0.44255   0.25500 
   0.91500   0.59974   0.44786   0.32502   0.24750 
   0.90750   0.57234   0.47366   0.41980   0.24500 
   0.87500   0.54430   0.43987   0.40153   0.22250 
   0.89500   0.58082   0.49300   0.37980   0.24750 
   0.90000   0.47379   0.37134   0.44527   0.22750 
   0.88500   0.63222   0.49888   0.41484   0.25250 
   0.90000   0.68332   0.60928   0.44468   0.25500 
   0.87750   0.61158   0.52664   0.36872   0.28000 
   0.89750   0.61799   0.52768   0.31545   0.26500 
   0.90750   0.62548   0.50005   0.34490   0.25250 
   0.87250   0.58512   0.51738   0.41098   0.24000 
   0.89000   0.62400   0.47872   0.36200   0.26250 
   0.88500   0.56310   0.45008   0.33484   0.23750 
   0.90500   0.60446   0.44276   0.35350   0.21750 
   0.90250   0.54669   0.44357   0.51397   0.24500 
   0.88750   0.55410   0.52319   0.36789   0.24500 
   0.91750   0.61413   0.51591   0.42662   0.27750 
   0.86500   0.62283   0.47819   0.41074   0.22000 
   0.87500   0.56300   0.45763   0.46269   0.19250 
   0.86250   0.59322   0.44290   0.41330   0.27750 
   0.87500   0.52747   0.50320   0.36513   0.21750 
   0.89250   0.59731   0.49324   0.40620   0.24250 
   0.90500   0.55698   0.45444   0.47316   0.23250 
   0.86500   0.56518   0.41766   0.33607   0.29250 
   0.88500   0.55953   0.47824   0.45747   0.25750 
   0.87750   0.54875   0.48528   0.38862   0.23500 
   0.91000   0.59181   0.46271   0.39451   0.25500 
   0.89250   0.53217   0.52085   0.37504   0.24500 
   0.90250   0.62208   0.58274   0.46692   0.22750 
   0.88500   0.56127   0.49751   0.38579   0.19750 
   0.89000   0.54984   0.56519   0.38541   0.20750 
   0.88750   0.62135   0.48264   0.51536   0.23500 
   0.90000   0.62636   0.55749   0.35567   0.25250 
   0.89250   0.54747   0.52367   0.37268   0.20500 
   0.90250   0.59574   0.40941   0.37332   0.26500 
   0.85500   0.57673   0.52171   0.43879   0.21000 
   0.90500   0.58593   0.48146   0.35497   0.24000 
   0.87750   0.57220   0.52930   0.35845   0.24000 
   0.89250   0.56261   0.54036   0.45699   0.23750 
   0.87000   0.55181   0.47101   0.42459   0.23000 
   0.87750   0.57585   0.50212   0.42569   0.28000 
   0.91000   0.56219   0.52142   0.44238   0.26000 
   0.86500   0.59151   0.49769   0.37987   0.25500 
   0.88500   0.55584   0.45574   0.36361   0.26000 
   0.87000   0.52975   0.47353   0.37157   0.20750 
   0.89250   0.51123   0.43525   0.23901   0.20250 
   0.85250   0.56135   0.47447   0.33598   0.22500 
   0.90750   0.60220   0.50533   0.45415   0.23750 
   0.88250   0.59759   0.52314   0.38739   0.24250 
   0.88250   0.56395   0.47013   0.28515   0.22750 
   0.87500   0.52766   0.45376   0.38720   0.22250 
   0.93500   0.65044   0.44007   0.33024   0.22750 
   0.90500   0.61499   0.51067   0.43635   0.26250 
   0.86250   0.52256   0.41895   0.36692   0.23250 
   0.88000   0.58360   0.55053   0.45243   0.28500 
   0.87000   0.59741   0.48790   0.40310   0.24750 
   0.91000   0.62725   0.55856   0.44465   0.24750 
   0.87500   0.53634   0.40466   0.42756   0.25750 
   0.91500   0.60171   0.51164   0.38076   0.26250 
   0.89500   0.47311   0.52284   0.29699   0.24000 
   0.86750   0.56619   0.51161   0.39215   0.23250 
   0.88250   0.60742   0.47233   0.42866   0.24500 
   0.86250   0.53885   0.38087   0.38595   0.22750 
   0.89250   0.66893   0.56905   0.43114   0.20250 
   0.88750   0.50717   0.45455   0.41550   0.23000 
   0.89500   0.58619   0.44470   0.41313   0.24500 
   0.89250   0.59863   0.53042   0.46813   0.29750 
   0.86750   0.62728   0.53723   0.39559   0.23750 
   0.87250   0.55301   0.45588   0.27330   0.23000 
   0.89000   0.72280   0.50809   0.47010   0.25000 
   0.90500   0.56167   0.48586   0.40241   0.19250 
   0.91500   0.57888   0.54997   0.36164   0.24000 
   0.86250   0.52606   0.43114   0.34928   0.25000 
   0.89250   0.57879   0.47955   0.39700   0.21500 
   0.91000   0.62866   0.49819   0.38426   0.23500 
   0.86500   0.60695   0.51363   0.46965   0.25000 
   0.88750   0.60003   0.44207   0.40870   0.21750 
   0.88250   0.55315   0.52508   0.39333   0.25500 
   0.87500   0.62414   0.48548   0.37967   0.22500 
   0.90500   0.55944   0.55944   0.44505   0.27750 
   0.88500   0.63702   0.55403   0.47135   0.22750 
   0.91500   0.53101   0.48837   0.36882   0.27250 
   0.87250   0.55508   0.47395   0.36868   0.21500 
   0.90500   0.62646   0.49725   0.44757   0.26250 
   0.90000   0.66874   0.61169   0.53089   0.25750 
   0.90250   0.55217   0.49149   0.41076   0.23000 
   0.89500   0.49724   0.54394   0.36532   0.26500 
   0.87500   0.57402   0.48372   0.34441   0.26500 
   0.88750   0.54481   0.44314   0.36311   0.20750 
   0.86750   0.58604   0.53066   0.38722   0.27000 
   0.89750   0.48379   0.53290   0.41761   0.21500 
   0.90250   0.52530   0.55687   0.39197   0.27500 
   0.88500   0.48549   0.41312   0.38780   0.21750 
   0.92000   0.63146   0.48461   0.36650   0.26750 
   0.88000   0.65871   0.47494   0.40238   0.24750 
   0.90500   0.60327   0.54224   0.33748   0.24750 
   0.90250   0.61146   0.56225   0.36985   0.23250 
   0.88000   0.65776   0.53776   0.50353   0.27750 
   0.89250   0.58309   0.44250   0.37876   0.23250 
   0.91500   0.57966   0.52563   0.37597   0.23000 
   0.87750   0.60343   0.49016   0.41170   0.23750 
   0.89500   0.59303   0.58043   0.46692   0.23750 
   0.89500   0.56664   0.45008   0.30058   0.27250 
   0.89750   0.55196   0.49520   0.31357   0.23000 
   0.91000   0.59673   0.45181   0.35855   0.23250 
   0.90000   0.55986   0.50764   0.48663   0.20500 
   0.89750   0.58471   0.43123   0.40479   0.22250 
   0.89750   0.57590   0.51508   0.41425   0.27250 
   0.89250   0.56879   0.44567   0.33364   0.19500 
   0.88750   0.55761   0.44300   0.38448   0.26250 
   0.87750   0.57609   0.48806   0.45984   0.22750 
   0.89500   0.52120   0.50880   0.37862   0.21750 
   0.91000   0.60977   0.47476   0.34487   0.22750 
   0.90000   0.57008   0.48745   0.45778   0.25250 
   0.87000   0.55737   0.47131   0.48357   0.22250 
   0.88750   0.57196   0.41801   0.29824   0.20000 
   0.91000   0.64554   0.53406   0.55634   0.28000 
   0.89500   0.57096   0.51895   0.30910   0.29250 
   0.89250   0.61126   0.49925   0.43921   0.25750 
   0.88500   0.63924   0.47753   0.42549   0.25000 
   0.87500   0.54191   0.47053   0.36904   0.24000 
   0.90250   0.51162   0.43392   0.38293   0.23750 
   0.90250   0.57982   0.52585   0.36775   0.28250 
   0.88750   0.56179   0.45628   0.39276   0.27750 
   0.89500   0.58339   0.44862   0.44010   0.24750 
   0.90000   0.52568   0.44319   0.35755   0.22000 
   0.86000   0.57132   0.52105   0.45083   0.24750 
   0.90000   0.54175   0.51955   0.38748   0.23250 
   0.91250   0.61110   0.50628   0.50628   0.26250 
   0.92000   0.61431   0.54556   0.48590   0.24500 
   0.90500   0.58839   0.49313   0.42961   0.27750 
   0.89500   0.55097   0.44892   0.39584   0.24000 
   0.88000   0.66657   0.45165   0.47048   0.23250 
   0.88000   0.58929   0.50778   0.44101   0.24750 
   0.90000   0.53980   0.51388   0.33631   0.25250 
   0.90500   0.51869   0.44513   0.31125   0.21500 
   0.89750   0.63625   0.53195   0.48926   0.27000 
   0.90000   0.55864   0.57178   0.37446   0.26250 
   0.91250   0.58456   0.50177   0.46926   0.27250 
   0.89500   0.56765   0.48912   0.41907   0.25750 
   0.89500   0.53199   0.43416   0.35475   0.25250 
   0.90500   0.44830   0.46276   0.31668   0.21750 
   0.87250   0.58395   0.43504   0.37028   0.26500 
   0.89250   0.61377   0.54938   0.43596   0.23750 
   0.91000   0.55555   0.49127   0.35511   0.22750 
   0.90000   0.60917   0.55418   0.54339   0.29000 
   0.86750   0.58245   0.52418   0.38601   0.26500 
   0.87250   0.51689   0.38840   0.33157   0.22000 
   0.89000   0.59762   0.56422   0.36001   0.24500 
   0.89000   0.57290   0.49255   0.33495   0.24500 
   0.87000   0.55118   0.49470   0.34026   0.23000 
   0.90500   0.58144   0.53224   0.45689   0.23250 
   0.91000   0.60871   0.46434   0.43435   0.27250 
   0.88000   0.57933   0.49252   0.37988   0.22750 
   0.90500   0.54900   0.49247   0.43162   0.26500 
   0.90750   0.56632   0.51936   0.33721   0.25750 
   0.89000   0.57310   0.41485   0.37840   0.24000 
   0.88500   0.62592   0.53771   0.42871   0.25750 
   0.90750   0.57177   0.37340   0.33060   0.26000 
   0.86500   0.54028   0.50915   0.41817   0.24250 
   0.89000   0.59054   0.46188   0.43070   0.23250 
   0.90000   0.57664   0.50159   0.34752   0.22750 
   0.90750   0.54054   0.45205   0.45987   0.23750 
   0.87000   0.67069   0.53002   0.46909   0.24250 
   0.85750   0.49166   0.34338   0.21034   0.22250 
   0.89500   0.60018   0.52428   0.45333   0.25500 
   0.89000   0.57096   0.51396   0.39200   0.27500 
   0.89750   0.57194   0.48629   0.41797   0.20000 
   0.89250   0.59395   0.48969   0.27057   0.24250 
   0.90750   0.55397   0.49519   0.37382   0.28250 
   0.89250   0.55626   0.49290   0.26759   0.21500 
   0.87750   0.68081   0.55435   0.41917   0.29000 
   0.89750   0.57222   0.47213   0.41413   0.24750 
   0.91000   0.50741   0.41891   0.42357   0.21750 
   0.89750   0.57893   0.49706   0.42647   0.25250 
   0.90000   0.63434   0.52727   0.38092   0.27500 
   0.89000   0.64241   0.50761   0.46644   0.24750 
