   3.05494  -3.39385 
   2.55501  -2.69064 
   2.81344  -3.05699 
   2.47400  -2.60292 
   3.12564  -3.34660 
   2.49849  -2.74757 
   2.65134  -2.98532 
   2.97837  -3.07499 
   2.44914  -2.43835 
   2.53011  -2.39341 
   2.45118  -2.44010 
   2.58984  -2.72895 
   2.75951  -2.97438 
   2.74973  -2.83899 
   2.79517  -2.85746 
   2.84632  -2.97094 
   2.79262  -2.94290 
   2.37444  -2.30606 
   2.92435  -3.16044 
   2.49578  -2.65773 
   2.86069  -2.97590 
   2.46488  -2.62330 
   2.55729  -2.68972 
   2.74952  -2.94364 
   2.22902  -2.17118 
   2.72023  -2.73273 
   2.76257  -2.88818 
   2.64746  -2.74321 
   2.55441  -2.62266 
   2.60458  -2.72201 
   3.04245  -3.27610 
   2.57243  -2.61604 
   2.23412  -2.18300 
   3.13190  -3.32505 
   2.77937  -2.95720 
   2.69299  -2.81878 
   2.70095  -2.82975 
   2.72439  -2.95102 
   2.58669  -2.75774 
   2.30766  -2.29880 
   2.65403  -2.89396 
   2.66696  -2.84972 
   2.46101  -2.48831 
   2.48920  -2.44383 
   2.57824  -2.64904 
   2.60645  -2.76360 
   2.44443  -2.46896 
   2.56497  -2.60130 
   2.41779  -2.46384 
   2.20481  -2.27521 
   2.59504  -2.76997 
   2.34104  -2.27357 
   2.75453  -2.89127 
   2.66915  -2.86365 
   2.19554  -2.15319 
   2.66318  -2.78534 
   2.94234  -3.06008 
   2.93021  -3.00964 
   2.28920  -2.37506 
   2.49237  -2.53380 
   2.57822  -2.68057 
   2.92687  -3.27536 
   2.48418  -2.63238 
   2.30336  -2.29838 
   2.84293  -3.12048 
   2.50336  -2.51650 
   2.44827  -2.41985 
   2.46233  -2.60491 
   2.40186  -2.45486 
   2.38509  -2.42980 
   2.77167  -2.95408 
   2.81214  -2.99166 
   2.91628  -3.09310 
   2.68810  -2.79001 
   2.26673  -2.13920 
   2.73403  -3.01234 
   2.36095  -2.40060 
   3.14295  -3.37103 
   2.73843  -2.81653 
   2.04805  -1.88257 
   2.78135  -2.96215 
   2.71337  -2.86757 
   2.66615  -2.69448 
   2.88873  -3.10989 
   2.59469  -2.63246 
   2.72491  -2.97212 
   2.58294  -2.71175 
   2.34046  -2.44903 
   2.85040  -3.02631 
   2.55365  -2.55987 
   2.76027  -2.99634 
   2.76125  -2.90235 
   2.51056  -2.47998 
   2.46033  -2.60167 
   2.77533  -2.96295 
   2.48404  -2.51302 
   2.47611  -2.46370 
   2.45696  -2.65401 
   2.50607  -2.53596 
   2.66936  -2.82005 
   2.93969  -3.22448 
   2.81278  -3.05956 
   3.00622  -3.43561 
   2.29259  -2.15328 
   2.27897  -2.29172 
   2.77504  -2.95005 
   2.83097  -3.14664 
   2.60438  -2.61696 
   2.97149  -3.23938 
   2.59815  -2.79274 
   2.32459  -2.40084 
   2.76123  -2.94714 
   2.40109  -2.47389 
   2.85622  -3.15113 
   2.28912  -2.36014 
   2.48707  -2.72867 
   2.71157  -2.80083 
   2.53415  -2.63429 
   2.62286  -2.68655 
   2.28137  -2.24393 
   2.36838  -2.37657 
   2.48385  -2.60887 
   2.57372  -2.74489 
   2.97010  -3.15673 
   2.83509  -2.98951 
   2.48266  -2.60228 
   2.13083  -2.13633 
   2.98224  -3.11076 
   2.78555  -2.85657 
   2.60357  -2.71488 
   2.76317  -2.97152 
   2.41331  -2.48268 
   2.56268  -2.51580 
   2.55394  -2.59588 
   2.48473  -2.56063 
   2.78100  -3.04620 
   2.50343  -2.58357 
   2.54711  -2.71231 
   2.57236  -2.75058 
   2.86493  -3.05401 
   2.55391  -2.62496 
   2.56705  -2.56631 
   2.32165  -2.42831 
   2.56648  -2.60754 
   2.49274  -2.56493 
   2.52494  -2.66143 
   2.68818  -2.82513 
   3.06232  -3.36816 
   2.49296  -2.52284 
   2.53457  -2.76346 
   2.30851  -2.35772 
   2.66055  -2.74730 
   2.35247  -2.38548 
   2.44296  -2.51966 
   2.24961  -2.22117 
   2.69157  -3.06800 
   2.84498  -3.01750 
   2.55047  -2.61080 
   2.50751  -2.58704 
   2.51916  -2.57272 
   2.34627  -2.21859 
   2.31137  -2.40181 
   2.58781  -2.80681 
   2.53310  -2.63335 
   2.64250  -2.73216 
   2.65372  -2.79332 
   2.82403  -3.04903 
   2.82177  -2.81880 
   2.62329  -2.84761 
   2.42301  -2.47364 
   2.50864  -2.68094 
   2.83680  -2.82406 
   2.46827  -2.52236 
   2.56572  -2.67448 
   2.71160  -2.91779 
   2.53073  -2.65047 
   3.09501  -3.29019 
   2.37909  -2.34607 
   2.06897  -1.98764 
   2.77534  -2.88400 
   2.58194  -2.65068 
   2.48403  -2.66182 
   2.60288  -2.74605 
   2.56189  -2.59731 
   2.70850  -2.94763 
   2.78809  -2.97882 
   2.81449  -2.87780 
   2.86349  -3.04309 
   2.47929  -2.46007 
   2.85579  -3.01041 
   2.66512  -2.79060 
   2.38612  -2.43645 
   2.97951  -3.29961 
   2.74680  -2.88397 
   2.56153  -2.72000 
   2.26438  -2.25263 
   2.62416  -2.73147 
   2.70513  -2.86414 
   2.85417  -3.01100 
   2.98145  -3.23617 
   2.38435  -2.39771 
   2.80478  -2.81041 
   2.48258  -2.64921 
   3.02869  -3.34366 
   2.50011  -2.56448 
   2.57696  -2.72213 
   2.41116  -2.42167 
   2.80075  -3.01609 
   2.96176  -3.26991 
   2.56844  -2.78110 
   2.47590  -2.49298 
   3.01836  -3.24636 
   2.80614  -3.09965 
   2.90770  -3.11277 
   2.42642  -2.54200 
   2.77700  -2.90307 
   3.07728  -3.32533 
   2.32496  -2.24965 
   2.80962  -2.96898 
   3.14070  -3.45204 
   2.34097  -2.39444 
   2.60160  -2.56883 
   2.68904  -2.80643 
   2.34857  -2.38223 
   2.90316  -3.22803 
   2.83440  -2.93210 
   2.54199  -2.69234 
   2.74518  -2.92096 
   2.58113  -2.83487 
   2.82141  -3.03017 
   2.16541  -2.24568 
   2.63057  -2.72621 
   2.56669  -2.51896 
   2.67024  -2.80464 
   2.74427  -2.77797 
   2.74869  -2.81718 
   2.56797  -2.58477 
   2.91809  -3.25974 
   2.66408  -2.81253 
   2.27762  -2.29178 
   2.70262  -2.82092 
   2.45562  -2.52440 
   2.32303  -2.23845 
   2.67076  -2.67752 
   2.54083  -2.60928 
   2.43334  -2.51756 
   2.60712  -2.78143 
   2.73072  -2.93000 
   2.62326  -2.57948 
   2.53610  -2.61033 
   2.66089  -2.81951 
   2.47140  -2.62379 
   2.73818  -2.94021 
   2.44450  -2.50426 
   2.68337  -2.87609 
   2.69470  -2.80651 
   2.55995  -2.72188 
   2.98636  -3.30782 
   2.18321  -2.02508 
   2.65839  -2.85911 
   2.61617  -2.82394 
   2.64260  -2.80388 
   2.72815  -2.88050 
   2.38259  -2.35015 
   2.70468  -2.86705 
   2.46572  -2.50901 
   2.66384  -2.71776 
   2.68131  -2.70109 
   2.56390  -2.60628 
   2.10938  -2.11973 
   2.24427  -2.16919 
   2.87850  -3.09116 
   3.02035  -3.55374 
   2.70718  -2.83016 
   2.65423  -2.85794 
   2.62148  -2.72206 
   2.67144  -2.71706 
   2.33530  -2.40616 
   2.71164  -2.90122 
   2.91395  -3.06634 
   2.25650  -2.14250 
   2.84808  -3.09678 
   2.74809  -2.83971 
   2.67214  -2.93949 
   2.88030  -3.07449 
   2.57089  -2.54124 
   2.39745  -2.56353 
   2.70812  -2.87061 
   2.64521  -2.75080 
   2.42161  -2.41479 
   2.62079  -2.67962 
   2.82757  -3.01568 
   2.37955  -2.33282 
   2.73196  -2.85558 
   2.57670  -2.62928 
   2.65952  -2.69963 
   2.60277  -2.74154 
   2.89841  -3.00795 
   2.45944  -2.49881 
   2.38939  -2.55452 
   2.67846  -2.78284 
   2.74704  -2.83016 
   2.83835  -3.02622 
   2.41306  -2.62509 
   2.35328  -2.26184 
   2.54918  -2.66154 
   2.78529  -2.96558 
   2.42690  -2.52567 
   2.32761  -2.31690 
   2.78310  -2.97469 
   2.68274  -2.83316 
   2.12027  -2.25859 
   2.63538  -2.75435 
   2.74504  -2.99120 
   2.60275  -2.69967 
   2.72584  -2.81377 
   2.53216  -2.68164 
   2.88173  -2.99121 
   2.40816  -2.38662 
   2.88534  -3.15337 
   2.38735  -2.39461 
   2.43471  -2.53962 
   2.96511  -3.13674 
   2.85803  -3.01049 
   2.42993  -2.42448 
   2.39501  -2.38327 
   2.59505  -2.69433 
   2.84522  -2.93388 
   2.73218  -2.99541 
   2.56058  -2.74094 
   2.52560  -2.59542 
   2.37700  -2.39502 
   2.89637  -2.98639 
   2.70716  -2.86493 
   2.78540  -2.92496 
   2.92124  -3.05962 
   2.84840  -3.13468 
   2.55394  -2.65116 
   2.74961  -2.80598 
   2.45345  -2.54675 
   2.31043  -2.29982 
   2.26761  -2.28397 
   2.78068  -2.98359 
   2.71960  -2.85897 
   2.53604  -2.61604 
   2.38903  -2.38659 
   2.54964  -2.77987 
   2.61795  -2.77105 
   2.31606  -2.29861 
   2.79771  -2.96944 
   2.54191  -2.48604 
   2.83025  -3.11250 
   2.68312  -2.83465 
   2.54702  -2.67809 
   2.99306  -3.30986 
   3.01490  -3.24413 
   2.87609  -3.08516 
   2.54542  -2.74612 
   2.50008  -2.54129 
   2.92746  -3.21619 
   2.72941  -2.81202 
   2.78662  -2.96424 
   3.10039  -3.44285 
   2.76322  -2.89553 
   2.40275  -2.40400 
   2.43993  -2.46814 
   2.61199  -2.70691 
   2.51590  -2.54231 
   2.67805  -2.77498 
   2.51782  -2.64018 
   2.69552  -2.75194 
   2.43187  -2.54819 
   2.38693  -2.41145 
   2.65018  -2.66697 
   2.33298  -2.42433 
   2.79358  -2.96235 
   2.86656  -3.20341 
   2.49355  -2.53844 
   2.73526  -3.02986 
   2.37811  -2.56763 
   2.66267  -2.80353 
   2.55842  -2.55916 
   2.36180  -2.35349 
   2.80384  -2.97964 
   2.68828  -2.90923 
   2.47063  -2.58494 
   2.97656  -3.08253 
   2.49775  -2.53603 
   2.73357  -2.76030 
   3.01082  -3.27921 
   2.49300  -2.60305 
   2.62482  -2.71585 
   2.33203  -2.42782 
   2.17133  -2.14053 
   2.99999  -3.34769 
   2.80515  -2.87869 
   2.59159  -2.75545 
   2.73019  -2.93362 
   2.65142  -3.02847 
   2.53187  -2.58629 
   2.28515  -2.41195 
   2.89855  -3.21443 
   2.81318  -2.90559 
   2.61229  -2.61596 
   2.58978  -2.62877 
   2.42698  -2.46689 
   2.35823  -2.46786 
   2.84147  -3.15226 
   2.32255  -2.34161 
   2.87897  -3.15706 
   2.74280  -2.74866 
   2.51020  -2.49895 
   2.73979  -2.94472 
   2.78737  -3.04693 
   2.62798  -2.88500 
   2.87810  -2.93918 
   2.93406  -3.27534 
   2.18142  -2.29288 
   2.72521  -2.90097 
   2.59592  -2.60029 
   2.86264  -3.12234 
   2.88012  -3.01282 
   2.58225  -2.69089 
   2.77176  -2.96626 
   2.66160  -2.82268 
   2.78017  -2.84808 
   2.73472  -2.98408 
   2.76750  -2.90893 
   2.60921  -2.80081 
   2.87258  -3.10309 
   3.12838  -3.38855 
   2.88975  -3.08506 
   2.52294  -2.61404 
   2.75715  -2.92150 
   3.04255  -3.29890 
   2.66238  -2.80454 
   2.76047  -2.96609 
   2.94119  -3.06992 
   2.51082  -2.56793 
   2.88367  -3.17866 
   2.60961  -2.75021 
   2.14649  -2.17343 
   2.66724  -2.66677 
   2.62524  -2.57445 
   2.82091  -3.08748 
   2.72938  -2.90551 
   2.52751  -2.57630 
   2.66589  -2.87658 
   2.64430  -2.79551 
   2.53278  -2.65566 
   2.28705  -2.36329 
   2.58972  -2.83074 
   2.51686  -2.58404 
   2.95146  -3.11527 
   2.40218  -2.46854 
   2.45669  -2.62179 
   2.35178  -2.32446 
   2.54504  -2.72782 
   2.73311  -2.84159 
   2.25301  -2.25670 
   2.53152  -2.64972 
   2.28615  -2.33990 
   2.41476  -2.50918 
   2.63709  -2.75549 
   2.31091  -2.34752 
   2.60789  -2.71316 
   2.47301  -2.46190 
   2.63238  -2.71199 
   2.31239  -2.38067 
   2.63490  -2.78503 
   2.50823  -2.67140 
   2.34880  -2.29932 
   2.27811  -2.43026 
   2.51407  -2.56394 
   2.64289  -2.76498 
   2.97285  -3.17197 
   2.69270  -2.70491 
   2.40528  -2.32903 
   2.53526  -2.64048 
   2.41257  -2.43037 
   2.60531  -2.70608 
   2.45895  -2.47477 
   2.62211  -2.72918 
   2.71508  -2.70060 
   2.41055  -2.51219 
   2.28139  -2.33337 
   2.47305  -2.56271 
   2.75812  -2.83276 
   2.93973  -3.14735 
   2.54860  -2.53670 
   2.44702  -2.39562 
   2.78609  -2.97262 
   2.78079  -2.90852 
   2.28829  -2.18603 
   2.68153  -2.68760 
   2.89721  -3.11859 
   2.30288  -2.29089 
   2.40172  -2.54942 
   2.95445  -3.10078 
   2.70117  -2.93616 
   2.23675  -2.13252 
   2.26443  -2.20389 
   2.68585  -2.85174 
   2.62433  -2.86249 
   2.74540  -2.91390 
   2.56531  -2.70556 
   2.47659  -2.44548 
   3.13930  -3.33930 
   2.79291  -3.00704 
   2.57101  -2.80567 
   2.42109  -2.40457 
   2.42140  -2.61885 
   2.59104  -2.63431 
   2.16880  -2.20559 
   2.64219  -2.75797 
   2.43727  -2.40175 
   2.23336  -2.30101 
   3.56624  -4.03323 
   2.38799  -2.57685 
   2.99887  -3.20883 
   2.35733  -2.31574 
   2.60484  -2.56612 
   2.65909  -2.73848 
   2.74315  -2.81109 
   2.32686  -2.34239 
   2.28453  -2.23624 
   2.82746  -2.96982 
   2.72003  -2.78407 
   2.52403  -2.58698 
   2.63570  -2.80720 
   2.58570  -2.57702 
   2.29203  -2.30145 
   2.72123  -2.85023 
   2.99477  -3.20979 
   2.50286  -2.54463 
   2.62059  -2.74132 
   2.78125  -3.03915 
   2.40386  -2.54702 
   2.71592  -2.93026 
   2.35459  -2.36559 
   2.65753  -2.67468 
   2.58045  -2.77133 
   2.44775  -2.37384 
   2.35494  -2.40438 
   2.52554  -2.57181 
   3.18268  -3.49123 
   2.67226  -2.74494 
   2.85884  -2.92456 
   2.41447  -2.40522 
   2.75134  -2.82001 
   2.23442  -2.20474 
   2.55727  -2.64621 
   3.32757  -3.61855 
   2.78637  -2.77121 
   3.05067  -3.29269 
   2.51324  -2.58057 
   2.52609  -2.56736 
   2.67385  -2.76187 
   2.60479  -2.62558 
   3.34128  -3.70027 
   2.60447  -2.79917 
   2.75287  -2.86602 
   2.79365  -2.90286 
   2.87349  -3.03112 
   3.04504  -3.32292 
   2.24144  -2.24526 
   2.60095  -2.71253 
   2.46057  -2.60180 
   2.63189  -2.80220 
   2.61801  -2.80567 
   2.35223  -2.38969 
   2.59526  -2.87224 
   2.78523  -2.82671 
   2.17328  -2.16165 
   2.49289  -2.55114 
   2.85341  -2.94733 
   2.68749  -2.88858 
   2.87830  -3.15871 
   2.50764  -2.64022 
   2.37628  -2.40277 
   2.43147  -2.34815 
   2.38815  -2.39328 
   2.75428  -2.98053 
   2.83093  -2.98787 
   2.54902  -2.65682 
   2.44967  -2.53005 
   2.91245  -3.03680 
   2.58562  -2.57752 
   2.63823  -2.73068 
   2.42861  -2.47503 
   2.29806  -2.30230 
   2.87107  -2.98775 
   2.96804  -3.35531 
   2.71871  -2.86078 
   2.52703  -2.58829 
   2.79000  -2.93617 
   2.40676  -2.26492 
   2.57577  -2.78647 
   3.12949  -3.43195 
   2.76333  -2.98578 
   2.26830  -2.30543 
   2.90982  -3.29002 
   2.84056  -2.96885 
   2.53976  -2.54189 
   2.39122  -2.48959 
   2.39485  -2.57572 
   2.50456  -2.64049 
   2.45641  -2.64825 
   2.42654  -2.53350 
   2.52382  -2.69255 
   2.84420  -3.07060 
   2.57932  -2.70403 
   2.69685  -2.75137 
   2.72479  -2.90625 
   2.23494  -2.26067 
   2.52689  -2.60189 
   2.71215  -2.89663 
   2.27030  -2.38485 
   2.55204  -2.69663 
   2.68109  -2.82916 
   2.34645  -2.53607 
   2.84646  -3.05053 
   3.15845  -3.50638 
   2.42608  -2.57962 
   2.71209  -2.64565 
   2.63424  -2.66570 
   2.49331  -2.65486 
   2.48632  -2.45955 
   2.53452  -2.62081 
   2.80121  -2.91965 
   2.68577  -2.82110 
   2.39364  -2.41176 
   2.84961  -3.22126 
   2.54918  -2.54765 
   2.20784  -2.26141 
   2.66415  -2.68105 
   2.82838  -2.94279 
   2.47531  -2.49375 
   2.35451  -2.42881 
   2.64845  -2.83686 
   2.76143  -2.99845 
   2.45873  -2.68383 
   2.25925  -2.20744 
   2.78912  -2.97718 
   2.47371  -2.55594 
   2.83012  -3.06708 
   2.49680  -2.52563 
   2.61716  -2.85834 
   2.47554  -2.51200 
   2.55520  -2.58397 
   2.61510  -2.69718 
   2.76830  -2.96857 
   2.34528  -2.31399 
   2.64850  -2.82730 
   2.26419  -2.23533 
   2.28502  -2.29449 
   2.47970  -2.67366 
   3.01370  -3.31594 
   2.85805  -3.01562 
   2.77838  -2.84594 
   2.42180  -2.44437 
   2.79139  -2.94450 
   2.62546  -2.69754 
   2.82484  -3.19955 
   2.42873  -2.51641 
   2.62584  -2.71204 
   2.59055  -2.76753 
   2.64170  -2.69781 
   2.95081  -3.07330 
   2.93989  -3.08511 
   2.57285  -2.64808 
   2.37951  -2.45941 
   2.37090  -2.64900 
   2.91099  -3.14500 
   2.35054  -2.45136 
   2.37209  -2.43346 
   2.59389  -2.74410 
   2.91376  -3.22330 
   2.56751  -2.61500 
   2.80356  -2.81537 
   2.57508  -2.61933 
   2.45930  -2.49525 
   2.78254  -2.96558 
   2.62929  -2.68535 
   3.44588  -3.80568 
   2.81202  -3.08089 
   2.30186  -2.19198 
   2.85746  -2.95350 
   2.16634  -2.02535 
   2.58853  -2.65781 
   2.28889  -2.39566 
   2.66798  -2.74185 
   2.70186  -2.71939 
   2.62750  -2.71060 
   2.76006  -2.81878 
   2.31616  -2.25962 
   2.76143  -2.81267 
   2.77613  -2.90035 
   2.74255  -2.81054 
   2.65116  -2.81536 
   2.69833  -2.82329 
   2.39881  -2.47066 
   2.47309  -2.54796 
   2.60955  -2.64618 
   2.72904  -2.86571 
   2.82655  -3.08299 
   3.23493  -3.58680 
   3.33400  -3.83162 
   2.72420  -2.91003 
   2.69655  -2.74466 
   2.86525  -3.27911 
   2.54976  -2.51574 
   2.55961  -2.58942 
   2.58907  -2.67921 
   2.64700  -2.74442 
   2.79521  -2.94900 
   2.46376  -2.40692 
   2.89998  -3.09461 
   2.87668  -3.04221 
   2.60214  -2.70847 
   2.61622  -2.69865 
   2.79314  -2.94551 
   2.83311  -2.96191 
   2.44288  -2.62100 
   2.60206  -2.73478 
   2.54254  -2.58308 
   2.72953  -2.80612 
   2.51527  -2.71029 
   2.71286  -2.82099 
   2.87552  -2.97906 
   2.72765  -2.77200 
   2.25757  -2.21522 
   2.54624  -2.60994 
   2.81988  -2.95268 
   2.62071  -2.74985 
   2.62755  -2.65709 
   2.94157  -3.15351 
   2.14235  -2.03855 
   2.38123  -2.36794 
   2.77916  -3.02019 
   2.47714  -2.58965 
   2.23479  -2.21479 
   2.93849  -3.11671 
   2.17012  -2.22603 
   2.60504  -2.67654 
   2.68015  -2.81191 
   2.43127  -2.56347 
   3.01905  -3.13712 
   2.35876  -2.40728 
   2.60993  -2.80543 
   2.28804  -2.29513 
   2.92151  -3.08160 
   2.52315  -2.57050 
   2.57445  -2.58131 
   2.60899  -2.69435 
   2.79799  -2.96381 
   2.32999  -2.37185 
   2.57107  -2.73735 
   2.86951  -3.16700 
   2.51734  -2.55625 
   2.86534  -3.09725 
   2.50638  -2.70716 
   2.58602  -2.56558 
   2.83086  -3.12796 
   2.47725  -2.53975 
   2.84312  -2.91790 
   2.49306  -2.58639 
   2.46435  -2.61178 
   2.25532  -2.19496 
   2.57549  -2.71417 
   2.28807  -2.20025 
   2.81658  -2.91641 
   2.67989  -2.82274 
   2.36149  -2.47035 
   2.30003  -2.33365 
   2.30276  -2.35765 
   2.30825  -2.39379 
   2.30601  -2.30939 
   2.62032  -2.76177 
   2.27155  -2.22491 
   2.89899  -3.05636 
   2.71264  -2.85276 
   2.39627  -2.42785 
   2.36254  -2.44091 
   2.76052  -2.83281 
   2.28156  -2.18104 
   2.63722  -2.69362 
   2.62123  -2.71074 
   3.67174  -4.17329 
   2.38217  -2.33922 
   2.84444  -3.03524 
   3.24150  -3.50245 
   2.55302  -2.69406 
   2.58124  -2.78667 
   2.41998  -2.42992 
   2.54750  -2.66420 
   2.64360  -2.77710 
   2.58390  -2.66654 
   2.41958  -2.35921 
   2.58659  -2.77224 
   2.24306  -2.19900 
   2.37515  -2.61023 
   3.09738  -3.36613 
   2.83966  -3.10709 
   2.62474  -2.71988 
   2.38062  -2.46875 
   2.52190  -2.66002 
   2.37653  -2.46274 
   2.54864  -2.60880 
   2.46337  -2.49723 
   2.58590  -2.67157 
   2.97175  -3.42688 
   2.73751  -2.85283 
   2.79462  -2.91739 
   2.57656  -2.59671 
   2.40824  -2.48247 
   2.54698  -2.65955 
   2.79135  -2.95103 
   2.37232  -2.35155 
   2.64240  -2.76780 
   2.86174  -2.99159 
   2.61606  -2.73347 
   2.69369  -2.80406 
   2.60523  -2.69596 
   2.39498  -2.48124 
   2.51678  -2.62319 
   2.59703  -2.65976 
   2.35939  -2.42131 
   2.67364  -2.96367 
   2.71601  -2.91469 
   2.68011  -2.82902 
   2.67950  -2.87286 
   2.47095  -2.60892 
   2.51633  -2.57917 
   2.77397  -3.03255 
   2.37224  -2.45440 
   2.53285  -2.59333 
   2.53090  -2.58046 
   2.51121  -2.70622 
   3.07921  -3.28711 
   2.70856  -2.79579 
   2.18852  -2.11404 
   2.46991  -2.60103 
   2.93600  -3.13407 
   2.95008  -3.19370 
   2.36662  -2.33298 
   2.77212  -2.93339 
   2.53912  -2.62029 
   2.85786  -3.00919 
   2.86702  -2.97025 
   2.59265  -2.76928 
   2.80815  -3.14290 
   2.25428  -2.36222 
   2.34556  -2.56980 
   2.45372  -2.62599 
   2.76321  -2.98186 
   2.65176  -2.76652 
   2.34673  -2.34519 
   2.75805  -3.03311 
   2.67354  -2.73630 
   2.76992  -3.16257 
   2.69003  -2.88148 
   2.63401  -2.72900 
   2.51704  -2.63520 
   2.58319  -2.62180 
   3.00805  -3.29210 
   2.67088  -2.81798 
   2.46713  -2.58334 
   2.59595  -2.75077 
   2.45406  -2.41854 
   2.65452  -2.90106 
   2.49344  -2.52568 
   2.27819  -2.24165 
   2.48079  -2.49469 
   2.28216  -2.12780 
   2.59068  -2.70498 
   2.69587  -2.82621 
   2.44554  -2.47068 
   2.66895  -2.85166 
   2.82819  -2.99720 
   2.48505  -2.53671 
   2.31317  -2.32278 
   2.40204  -2.44814 
   2.67160  -2.73628 
   2.86274  -3.04678 
   2.20734  -2.16766 
   2.68939  -2.76958 
   2.60748  -2.59640 
   2.90837  -3.22047 
   3.09737  -3.54211 
   2.56128  -2.69441 
   2.38768  -2.40065 
   2.84095  -3.14359 
   2.46171  -2.58212 
   2.86027  -3.06024 
   2.39705  -2.44770 
   2.14783  -2.13629 
   2.82966  -2.95732 
   2.73561  -3.03782 
   2.51362  -2.63502 
   3.13994  -3.46015 
   3.05630  -3.25752 
   2.74030  -2.88287 
   2.59113  -2.69799 
   2.33665  -2.24115 
   2.69646  -2.86650 
   2.61039  -2.65492 
   2.93609  -3.14544 
   2.59367  -2.62318 
   2.31823  -2.31897 
   2.77786  -2.83144 
   2.25374  -2.21643 
   2.82959  -3.07775 
   2.49845  -2.58869 
   2.26133  -2.17974 
   2.03994  -2.02051 
   2.66384  -2.79462 
   2.78441  -2.91724 
   2.62112  -2.68945 
   2.70842  -2.87366 
   2.82571  -3.06623 
   2.72458  -2.75494 
   2.47946  -2.49769 
   2.49163  -2.66886 
   3.01167  -3.32650 
   2.64307  -2.72775 
   2.64367  -2.84780 
   2.96126  -3.10963 
   2.41459  -2.42309 
   2.46087  -2.60126 
   2.77882  -2.91836 
   2.67979  -2.85549 
   2.35709  -2.36952 
   2.50609  -2.74881 
   2.37022  -2.42990 
   2.44579  -2.44621 
   2.56574  -2.58802 
   2.23609  -2.25560 
   2.15061  -2.05550 
   2.83077  -2.96833 
   2.45575  -2.54081 
   2.67021  -2.81736 
   2.65295  -2.69194 
   2.57822  -2.67359 
   2.58578  -2.67694 
   3.01247  -3.32624 
   2.59888  -2.71573 
   2.71978  -2.88924 
   2.39361  -2.30203 
   2.65450  -2.80324 
   2.79089  -2.95151 
   2.35542  -2.40722 
   2.33061  -2.40679 
   2.63906  -2.75882 
   2.82897  -2.88662 
   2.45819  -2.57354 
   2.79969  -3.01042 
   2.95278  -3.08895 
   2.27540  -2.27316 
   2.87826  -2.99981 
   2.31050  -2.29669 
   2.58745  -2.65979 
   2.72647  -2.76237 
   2.45324  -2.47801 
   2.33415  -2.24829 
   2.66322  -2.84003 
   2.63977  -2.83419 
   2.20214  -2.17278 
   2.87474  -3.07184 
   2.67716  -2.86248 
   2.34817  -2.31088 
   2.59516  -2.89684 
   2.58955  -2.75467 
   2.38017  -2.52589 
   2.56705  -2.57972 
   2.74030  -2.85501 
   2.75036  -2.91176 
   2.45853  -2.42608 
   2.36200  -2.49934 
   2.81870  -2.95849 
   2.62957  -2.63109 
   2.62253  -2.58538 
   2.72742  -2.90560 
   2.67304  -2.79533 
   2.64085  -2.66144 
   2.66307  -2.83313 
   2.59180  -2.78388 
   2.32998  -2.30861 
   2.74713  -2.88426 
   2.91068  -3.11044 
   2.29221  -2.33180 
   2.41531  -2.28536 
   2.77717  -2.92505 
   2.54179  -2.69150 
   2.75915  -2.87531 
   2.82789  -3.12480 
   2.34152  -2.32812 
   2.44888  -2.42798 
   2.75545  -2.94864 
   2.73593  -2.83044 
