   2.83653  -3.67089 
   2.19817  -2.71036 
   2.83929  -3.68102 
   2.35052  -3.09047 
   2.65524  -3.37341 
   2.29569  -3.02153 
   2.41004  -3.28566 
   2.82549  -3.34166 
   2.21306  -2.60032 
   2.29573  -2.66943 
   2.29811  -2.96867 
   2.32912  -2.94514 
   2.46804  -3.13302 
   2.42032  -3.01820 
   2.53155  -3.22491 
   2.59836  -3.30986 
   2.66395  -3.26453 
   2.01021  -2.47213 
   2.75736  -3.41098 
   2.39087  -3.10499 
   2.53979  -2.99218 
   2.44682  -3.30733 
   2.43478  -2.90770 
   2.60737  -3.49106 
   2.16367  -2.81750 
   2.46055  -3.11581 
   2.44833  -3.14987 
   2.27006  -2.89505 
   2.42707  -2.85554 
   2.54501  -3.12638 
   2.74226  -3.40172 
   2.21528  -2.74095 
   2.19512  -2.74264 
   2.95769  -3.67559 
   2.59725  -3.19167 
   2.57278  -3.23769 
   2.43551  -3.04745 
   2.58360  -3.17383 
   2.27871  -3.05574 
   2.07173  -2.45338 
   2.35729  -2.99053 
   2.39978  -2.93388 
   2.35274  -3.01546 
   2.23192  -2.55562 
   2.44871  -2.99707 
   2.24296  -2.95431 
   2.35685  -2.94145 
   2.23677  -2.87722 
   2.22418  -2.90251 
   1.94323  -2.55609 
   2.30271  -3.05385 
   2.14144  -2.56776 
   2.60585  -3.19723 
   2.37007  -3.11876 
   1.95361  -2.34233 
   2.47955  -3.11690 
   2.75831  -3.20506 
   2.78876  -3.31360 
   2.17357  -2.87896 
   2.19113  -2.58323 
   2.25594  -2.91440 
   2.83758  -3.68392 
   2.13722  -2.74474 
   2.06343  -2.50846 
   2.58594  -3.23773 
   2.37935  -2.90041 
   2.38330  -2.93004 
   2.34891  -2.88088 
   2.23471  -2.64931 
   2.28438  -2.74020 
   2.53781  -3.13384 
   2.56875  -3.17754 
   2.65492  -3.26132 
   2.51168  -3.10449 
   2.08251  -2.48088 
   2.48543  -3.18996 
   2.27638  -2.88543 
   2.73858  -3.29746 
   2.52393  -3.31005 
   1.97886  -2.32464 
   2.41154  -3.02924 
   2.51500  -3.34024 
   2.52110  -2.95771 
   2.45450  -3.11179 
   2.48415  -3.13696 
   2.52423  -3.15551 
   2.40919  -2.98873 
   2.12146  -2.62049 
   2.63234  -3.24002 
   2.39547  -3.05755 
   2.66517  -3.30050 
   2.50295  -3.13370 
   2.27480  -2.72417 
   2.24588  -2.91555 
   2.49679  -3.26352 
   2.28976  -2.73032 
   2.23857  -2.87019 
   2.40123  -3.04898 
   2.30174  -2.94564 
   2.40762  -2.98003 
   2.64297  -3.44867 
   2.39310  -3.16904 
   2.73844  -3.45484 
   2.11325  -2.57314 
   2.08505  -2.70610 
   2.49937  -3.18413 
   2.61960  -3.42784 
   2.24635  -2.60715 
   2.73203  -3.43046 
   2.41404  -2.80796 
   2.14111  -2.62049 
   2.50715  -3.22749 
   2.12184  -2.68249 
   2.65692  -3.51936 
   2.01614  -2.68434 
   2.35961  -3.46902 
   2.48330  -3.17334 
   2.27123  -2.85604 
   2.38779  -2.99301 
   2.17671  -2.49245 
   2.11936  -2.57183 
   2.39346  -3.09569 
   2.37375  -3.13169 
   2.69284  -3.35176 
   2.59124  -3.30190 
   2.46357  -2.92464 
   1.99590  -2.49803 
   2.51179  -3.06152 
   2.45936  -2.98043 
   2.61013  -3.20285 
   2.65514  -3.38758 
   2.32587  -2.90266 
   2.32101  -2.79065 
   2.18753  -2.52488 
   2.49088  -3.11272 
   2.54480  -3.14461 
   2.41541  -3.10364 
   2.39549  -3.10925 
   2.34266  -3.00848 
   2.63576  -3.26449 
   2.25787  -2.87657 
   2.26616  -2.75215 
   2.03535  -2.47144 
   2.25420  -2.84498 
   2.42477  -3.09713 
   2.51845  -3.20034 
   2.37319  -3.11040 
   2.83634  -3.63684 
   2.14745  -2.69923 
   2.20702  -2.71266 
   2.24537  -2.92499 
   2.46741  -2.96085 
   2.17807  -2.79110 
   2.27578  -2.77250 
   2.14531  -2.68513 
   2.43598  -3.17155 
   2.57716  -3.36796 
   2.32587  -2.86107 
   2.49913  -3.07454 
   2.41058  -2.89186 
   2.24692  -2.52992 
   2.18715  -2.77950 
   2.53044  -3.09083 
   2.33987  -3.02950 
   2.41709  -2.83688 
   2.37860  -2.99846 
   2.84262  -3.70954 
   2.44733  -3.02110 
   2.38726  -3.11466 
   2.11017  -2.61023 
   2.41319  -3.06839 
   2.58673  -3.17100 
   2.20280  -2.79600 
   2.58798  -3.16065 
   2.45391  -3.26019 
   2.34346  -2.98250 
   2.79982  -3.39590 
   2.34582  -3.05024 
   1.98675  -2.63286 
   2.52066  -3.01533 
   2.32544  -2.86972 
   2.33848  -3.15154 
   2.41108  -3.00797 
   2.43709  -2.90529 
   2.43703  -3.10239 
   2.54254  -3.16838 
   2.64821  -3.16299 
   2.50292  -3.14772 
   2.14329  -2.60368 
   2.50450  -3.26155 
   2.38177  -3.00430 
   2.17428  -2.56552 
   2.68956  -3.41341 
   2.47719  -3.02903 
   2.27650  -2.84261 
   2.19539  -2.66971 
   2.42629  -2.76180 
   2.47652  -3.13989 
   2.54003  -3.01153 
   2.66148  -3.28619 
   2.17284  -2.69335 
   2.43745  -2.94047 
   2.37666  -3.10279 
   2.68243  -3.53557 
   2.43729  -2.93617 
   2.30744  -3.17280 
   2.17360  -2.78359 
   2.47713  -3.17710 
   2.98454  -3.70457 
   2.33052  -2.91561 
   2.30567  -2.72606 
   2.76980  -3.43582 
   2.69458  -3.44819 
   2.58833  -3.10082 
   2.29995  -2.88804 
   2.63994  -3.31475 
   2.67402  -3.44841 
   2.02828  -2.40945 
   2.60713  -3.08429 
   2.80568  -3.64326 
   2.13988  -2.64906 
   2.49904  -2.92036 
   2.56211  -3.15241 
   2.07867  -2.78335 
   2.62156  -3.38879 
   2.45688  -2.93765 
   2.43112  -3.45100 
   2.48720  -3.28541 
   2.30311  -2.99615 
   2.47500  -3.18192 
   1.92616  -2.51023 
   2.40913  -3.11936 
   2.40540  -2.88926 
   2.53132  -3.02433 
   2.44435  -2.89588 
   2.61891  -3.11556 
   2.37397  -2.83376 
   2.74240  -3.59927 
   2.51925  -3.20875 
   1.95304  -2.48929 
   2.46394  -3.10315 
   2.24436  -2.86378 
   2.37748  -2.80517 
   2.40068  -2.82704 
   2.40888  -3.15440 
   2.25647  -2.87425 
   2.45892  -3.04520 
   2.45658  -3.07435 
   2.46612  -2.86095 
   2.35712  -2.88201 
   2.56120  -3.27366 
   2.31008  -2.71092 
   2.58982  -3.35380 
   2.33441  -2.89062 
   2.32799  -2.92743 
   2.47357  -2.99207 
   2.39453  -3.00480 
   2.76704  -3.69614 
   2.09903  -2.42625 
   2.40092  -3.01952 
   2.44584  -3.04501 
   2.30916  -2.80683 
   2.40491  -3.04769 
   2.05364  -2.60773 
   2.53413  -3.07512 
   2.20598  -2.78809 
   2.46866  -3.04189 
   2.47073  -2.88676 
   2.42146  -2.98634 
   2.07892  -2.49073 
   1.99148  -2.45820 
   2.69308  -3.36029 
   2.60515  -3.70998 
   2.51866  -3.07473 
   2.35861  -3.17054 
   2.39686  -3.20712 
   2.49590  -2.98549 
   2.15910  -2.89423 
   2.57106  -3.40614 
   2.63565  -3.23005 
   1.94965  -2.19679 
   2.57862  -3.23275 
   2.48308  -3.03540 
   2.28741  -2.87853 
   2.42666  -3.00896 
   2.53086  -2.95081 
   2.31970  -2.92346 
   2.35262  -2.95406 
   2.37466  -2.81559 
   2.08751  -2.54117 
   2.57301  -3.15443 
   2.52258  -3.24940 
   2.08390  -2.53554 
   2.66048  -3.39771 
   2.45126  -2.95096 
   2.39300  -2.78037 
   2.33224  -2.93865 
   2.77612  -3.30249 
   2.22967  -2.71176 
   2.05676  -2.78329 
   2.47478  -3.08134 
   2.50830  -2.97342 
   2.52580  -3.13647 
   2.20013  -2.94723 
   2.11936  -2.57183 
   2.48831  -3.15587 
   2.72921  -3.39471 
   2.30308  -2.70706 
   2.25291  -2.81915 
   2.40534  -2.91626 
   2.44795  -3.13868 
   1.90569  -2.46725 
   2.61167  -3.14613 
   2.43945  -3.29236 
   2.30104  -2.84766 
   2.39911  -2.96353 
   2.42204  -3.07254 
   2.65204  -3.15755 
   2.19092  -2.64610 
   2.70423  -3.36814 
   2.24532  -2.73660 
   2.27815  -3.01095 
   2.73316  -3.24641 
   2.45721  -3.02893 
   2.33898  -2.78750 
   2.14674  -2.61825 
   2.46382  -2.87272 
   2.75718  -3.28421 
   2.41135  -3.18798 
   2.56901  -3.45497 
   2.33697  -2.90175 
   2.05362  -2.62176 
   2.54091  -3.14625 
   2.59545  -3.33732 
   2.55281  -3.07302 
   2.54372  -3.17259 
   2.56707  -3.29689 
   2.37485  -2.98361 
   2.58095  -3.14507 
   2.28225  -2.89550 
   2.06211  -2.52414 
   2.14938  -2.73583 
   2.50349  -3.22186 
   2.51541  -2.95315 
   2.11390  -2.62003 
   2.23879  -2.64690 
   2.38959  -3.13512 
   2.42535  -3.20501 
   2.17062  -2.68312 
   2.60406  -3.29557 
   2.29242  -2.71138 
   2.59439  -3.26414 
   2.40072  -2.87277 
   2.34403  -2.89016 
   2.75323  -3.56482 
   2.67750  -3.46204 
   2.66752  -3.37040 
   2.48219  -3.05137 
   2.38369  -2.90204 
   2.65128  -3.37274 
   2.44455  -3.08363 
   2.42098  -2.99117 
   2.71964  -3.41460 
   2.50822  -2.94244 
   2.11735  -2.68494 
   2.45779  -3.22896 
   2.55125  -3.00719 
   2.30919  -2.76061 
   2.40769  -2.96574 
   2.41702  -2.90224 
   2.45211  -2.96780 
   2.45209  -2.98954 
   2.32464  -2.86682 
   2.36921  -2.79703 
   2.20402  -2.85381 
   2.53064  -2.94828 
   2.57809  -3.23056 
   2.26738  -2.70482 
   2.68048  -3.51632 
   2.19554  -2.71119 
   2.40271  -3.08835 
   2.26304  -2.88340 
   2.29787  -2.75017 
   2.43907  -2.91374 
   2.43762  -3.07023 
   2.11917  -2.67564 
   2.82597  -3.52025 
   2.25615  -2.82858 
   2.34646  -2.88315 
   2.65589  -3.31184 
   2.39845  -2.98832 
   2.36159  -3.00769 
   2.13090  -2.80621 
   1.95088  -2.39232 
   2.67580  -3.43476 
   2.47413  -3.19906 
   2.09615  -2.75647 
   2.45419  -2.96408 
   2.43903  -3.27640 
   2.49045  -2.83119 
   2.07755  -2.52854 
   2.72297  -3.40306 
   2.41266  -2.96821 
   2.39226  -2.83292 
   2.39363  -2.85687 
   2.27414  -2.60464 
   2.18893  -2.76801 
   2.39573  -3.05450 
   2.05180  -2.53933 
   2.57378  -3.49465 
   2.42642  -2.89802 
   2.58299  -3.23450 
   2.52519  -3.07139 
   2.52485  -3.12338 
   2.34358  -2.89932 
   2.44034  -3.02173 
   2.80082  -3.52540 
   1.98370  -2.45375 
   2.46692  -3.05135 
   2.35632  -2.89095 
   2.49967  -3.20220 
   2.67221  -3.29583 
   2.53999  -3.23476 
   2.40815  -3.03661 
   2.48670  -3.27171 
   2.46680  -2.79769 
   2.54053  -3.25273 
   2.61230  -3.11277 
   2.39313  -3.18303 
   2.63666  -3.33457 
   2.80754  -3.42373 
   2.81110  -3.46722 
   2.31142  -2.92034 
   2.69320  -3.40201 
   2.73557  -3.47102 
   2.58120  -3.25613 
   2.73437  -3.28526 
   2.59259  -3.14985 
   2.32014  -2.92358 
   2.63266  -3.25201 
   2.51636  -3.29180 
   1.84213  -2.32786 
   2.42698  -2.94629 
   2.37985  -2.88649 
   2.81347  -3.39214 
   2.43855  -3.12690 
   2.35064  -2.87791 
   2.57559  -3.27031 
   2.50821  -3.13682 
   2.29895  -3.07481 
   2.41629  -3.03751 
   2.39757  -3.19087 
   2.42467  -2.89609 
   2.62581  -3.14431 
   2.19093  -2.84034 
   2.24258  -2.97231 
   2.22164  -2.68780 
   2.48248  -3.26438 
   2.55829  -3.37080 
   2.04862  -2.41862 
   2.38473  -2.88890 
   2.11472  -2.49322 
   2.22600  -2.69630 
   2.42233  -2.84872 
   2.10661  -2.80330 
   2.44299  -2.90654 
   2.25525  -2.73313 
   2.30327  -3.05524 
   2.13076  -2.83645 
   2.58438  -3.26404 
   2.31694  -3.02855 
   2.06973  -2.60355 
   2.13169  -2.60924 
   2.33196  -3.04624 
   2.50652  -3.15071 
   2.68673  -3.27152 
   2.42531  -2.97714 
   2.14838  -2.51359 
   2.31959  -2.92301 
   2.27102  -2.75756 
   2.52014  -3.06616 
   2.30128  -2.89152 
   2.46149  -2.98873 
   2.47462  -2.94195 
   2.23371  -2.89574 
   2.13278  -2.72457 
   2.26245  -2.83048 
   2.71526  -3.46277 
   2.49744  -3.09623 
   2.30205  -2.76673 
   2.25263  -2.67739 
   2.49158  -3.18268 
   2.55541  -3.18794 
   2.14843  -2.66141 
   2.59603  -3.08919 
   2.55661  -3.36592 
   2.07779  -2.55895 
   2.08770  -2.81332 
   2.75929  -3.46119 
   2.46404  -3.04254 
   2.05757  -2.55891 
   2.04263  -2.51482 
   2.37250  -3.01588 
   2.66966  -3.48693 
   2.49830  -3.11136 
   2.52985  -3.21481 
   2.19884  -2.74930 
   2.80477  -3.47619 
   2.49827  -3.08601 
   2.33809  -3.13863 
   2.24688  -2.72682 
   2.22877  -2.73676 
   2.35681  -2.94141 
   1.97115  -2.46257 
   2.40840  -2.96870 
   2.32340  -2.98688 
   2.25779  -2.70161 
   3.14642  -4.09542 
   2.28457  -3.04917 
   2.65969  -3.49498 
   2.10232  -2.45209 
   2.37869  -2.93667 
   2.58059  -3.20072 
   2.42754  -2.98038 
   2.06224  -2.42469 
   2.21628  -2.55347 
   2.72619  -3.54862 
   2.68931  -3.34985 
   2.36810  -2.74364 
   2.35955  -2.98866 
   2.25558  -2.66177 
   2.08166  -2.46128 
   2.60248  -3.13708 
   2.71402  -3.25226 
   2.29668  -2.76137 
   2.36814  -2.95705 
   2.40795  -3.13185 
   2.14657  -2.80097 
   2.76295  -3.51650 
   2.24590  -2.80966 
   2.47890  -2.95487 
   2.29172  -2.97880 
   2.22230  -2.46900 
   2.22360  -2.85760 
   2.14691  -2.78986 
   2.71799  -3.42440 
   2.43334  -2.97929 
   2.54966  -3.19160 
   2.14348  -2.66867 
   2.47406  -2.96667 
   2.06420  -2.73583 
   2.15405  -2.64382 
   2.98953  -3.77444 
   2.38616  -2.93870 
   2.93178  -3.53602 
   2.28108  -3.11553 
   2.35723  -2.92593 
   2.37912  -3.01281 
   2.27750  -2.85058 
   3.00479  -3.72014 
   2.43192  -2.96390 
   2.43171  -3.11241 
   2.61990  -3.28362 
   2.64716  -3.43348 
   3.13616  -3.99941 
   2.08064  -2.82438 
   2.42674  -3.04362 
   2.27621  -3.03553 
   2.34754  -3.01189 
   2.30710  -2.93189 
   2.19224  -2.78717 
   2.36855  -3.18791 
   2.37810  -3.06330 
   2.06460  -2.64219 
   2.22507  -2.86287 
   2.60934  -3.22139 
   2.48549  -3.14470 
   2.49237  -3.22697 
   2.31802  -2.75854 
   2.07915  -2.78447 
   2.23105  -2.63440 
   2.28341  -2.86160 
   2.59027  -3.33099 
   2.85257  -3.59073 
   2.63811  -3.27304 
   2.37910  -3.06754 
   2.75638  -3.17385 
   2.27950  -2.68486 
   2.39835  -3.01696 
   2.19145  -2.59076 
   2.06773  -2.58287 
   2.65111  -3.40481 
   2.68857  -3.52538 
   2.36599  -2.95849 
   2.35173  -2.99580 
   2.55179  -3.09688 
   2.18894  -2.49754 
   2.29614  -3.08185 
   2.74197  -3.52220 
   2.66689  -3.10533 
   2.00799  -2.49038 
   2.61096  -3.55359 
   2.56272  -3.07275 
   2.28832  -2.71815 
   2.21189  -2.82135 
   2.05450  -2.72481 
   2.25739  -2.83926 
   2.26496  -2.98550 
   2.20528  -2.87773 
   2.30695  -3.13574 
   2.47537  -3.08655 
   2.50441  -3.02244 
   2.30854  -2.75793 
   2.30690  -3.03694 
   2.06337  -2.57424 
   2.40770  -2.81897 
   2.46656  -3.06230 
   1.99971  -2.48732 
   2.25806  -2.81431 
   2.35360  -2.95804 
   2.20733  -2.88909 
   2.49667  -3.05051 
   2.95610  -3.80269 
   2.18228  -2.74611 
   2.46885  -3.02783 
   2.35259  -2.94168 
   2.26475  -3.22440 
   2.18773  -2.62306 
   2.33691  -2.82631 
   2.62560  -3.30574 
   2.37608  -2.93758 
   2.36765  -2.86636 
   2.62236  -3.28840 
   2.36782  -2.85337 
   2.00429  -2.60210 
   2.36198  -2.90208 
   2.55453  -3.16603 
   2.16791  -2.62684 
   2.01338  -2.50673 
   2.57588  -3.14754 
   2.73611  -3.37943 
   2.22221  -2.93545 
   1.97939  -2.50989 
   2.54781  -3.06754 
   2.22806  -2.75122 
   2.57811  -3.34064 
   2.24190  -2.64271 
   2.37597  -2.93004 
   2.24395  -2.74568 
   2.44746  -2.88471 
   2.38199  -2.85247 
   2.56874  -3.36527 
   2.28299  -2.52382 
   2.47691  -3.23219 
   2.21708  -2.64924 
   1.99049  -2.57597 
   2.32317  -2.92370 
   2.67442  -3.38464 
   2.58350  -3.26312 
   2.47750  -3.03226 
   2.32546  -2.98921 
   2.52203  -3.20821 
   2.39459  -2.96867 
   2.65580  -3.72544 
   2.15673  -2.76642 
   2.33835  -2.90973 
   2.34576  -2.86840 
   2.48566  -3.09320 
   2.61609  -3.24699 
   2.78921  -3.31410 
   2.40354  -2.84940 
   2.10880  -2.71665 
   2.18553  -2.88604 
   2.67015  -3.31985 
   2.21622  -2.77733 
   2.21575  -2.62552 
   2.41664  -3.07223 
   2.85880  -3.72124 
   2.35748  -3.08075 
   2.42285  -2.83090 
   2.18766  -2.79714 
   2.36336  -2.98399 
   2.65860  -3.28954 
   2.32154  -3.00374 
   3.03801  -3.66789 
   2.68986  -3.44301 
   2.04090  -2.32145 
   2.61353  -3.19295 
   2.02860  -2.45260 
   2.44213  -3.06072 
   1.97013  -2.59483 
   2.79314  -3.39589 
   2.41362  -2.95964 
   2.48107  -3.32021 
   2.50496  -2.98383 
   2.10866  -2.44253 
   2.46268  -3.04662 
   2.54154  -3.07453 
   2.55679  -3.08631 
   2.42295  -3.13739 
   2.41544  -2.78729 
   2.17513  -2.71490 
   2.35065  -2.84270 
   2.24933  -2.75281 
   2.50624  -3.08697 
   2.68449  -3.24933 
   2.73184  -3.39998 
   3.18315  -4.27086 
   2.50403  -3.23247 
   2.42217  -3.06989 
   2.42859  -3.30391 
   2.31924  -2.71797 
   2.29641  -2.85247 
   2.29873  -2.83680 
   2.18156  -2.87383 
   2.38051  -2.93373 
   2.25723  -2.82653 
   2.63978  -3.21943 
   2.53571  -3.15332 
   2.31755  -2.94021 
   2.25335  -2.61594 
   2.41980  -3.07046 
   2.74322  -3.23062 
   2.41073  -2.94678 
   2.52021  -3.18916 
   2.36660  -2.90395 
   2.38984  -2.78708 
   2.40215  -2.98981 
   2.65394  -3.28334 
   2.56014  -3.14754 
   2.54543  -2.96174 
   2.09219  -2.49552 
   2.24567  -2.72182 
   2.44263  -3.01704 
   2.40483  -3.28177 
   2.45512  -3.00675 
   2.69519  -3.22207 
   2.18520  -2.71485 
   2.42505  -3.00675 
   2.43293  -3.02233 
   2.11369  -2.65624 
   1.96981  -2.37405 
   2.81650  -3.55417 
   2.04921  -2.65838 
   2.27722  -2.75987 
   2.38093  -3.07532 
   2.22442  -2.76573 
   2.73965  -3.08250 
   2.01939  -2.38469 
   2.35543  -3.05808 
   2.08894  -2.73670 
   2.77126  -3.29300 
   2.33277  -2.94904 
   2.23904  -2.75540 
   2.60937  -3.25540 
   2.41983  -3.17791 
   2.05018  -2.71971 
   2.37578  -3.00297 
   2.59761  -3.31926 
   2.47685  -2.84541 
   2.57059  -3.20097 
   2.35929  -2.94727 
   2.37292  -2.76332 
   2.52887  -3.22720 
   2.16527  -2.70386 
   2.75346  -3.54852 
   2.32059  -2.84889 
   2.38603  -2.93667 
   2.12384  -2.69898 
   2.19414  -2.84668 
   2.24998  -2.49160 
   2.64151  -3.23896 
   2.60898  -3.17474 
   2.13937  -2.94193 
   2.17035  -2.66793 
   2.10009  -2.69930 
   2.20970  -2.83671 
   2.08864  -2.55076 
   2.45521  -2.99254 
   2.26486  -2.77382 
   2.70889  -3.26439 
   2.48625  -3.14291 
   2.10213  -2.70548 
   2.25072  -3.02832 
   2.56261  -3.04208 
   1.99031  -2.27814 
   2.27698  -2.90552 
   2.57261  -3.23691 
   3.35400  -4.07385 
   2.17856  -2.59809 
   2.39267  -2.93776 
   2.88487  -3.44636 
   2.45342  -3.22249 
   2.36977  -3.06301 
   2.08921  -2.55554 
   2.29111  -2.93271 
   2.56398  -3.14420 
   2.42632  -3.05441 
   2.28758  -2.83443 
   2.33867  -2.85521 
   2.13312  -2.56055 
   2.03288  -2.73526 
   2.97065  -3.70762 
   2.66467  -3.45747 
   2.52569  -3.05550 
   2.37601  -2.98943 
   2.33941  -2.91092 
   2.15256  -2.83857 
   2.44551  -2.96870 
   2.37736  -3.03910 
   2.36009  -2.97062 
   2.69499  -3.50522 
   2.58810  -2.92399 
   2.46122  -3.08844 
   2.40231  -2.93500 
   2.26025  -2.68951 
   2.25055  -2.81460 
   2.55252  -3.23247 
   2.33400  -2.75681 
   2.45424  -2.96759 
   2.67706  -3.22435 
   2.42804  -3.03369 
   2.54436  -3.17552 
   2.19889  -2.68893 
   2.23960  -2.81225 
   2.36235  -3.08045 
   2.34123  -2.90806 
   2.19987  -2.92966 
   2.43964  -3.16792 
   2.50734  -2.95291 
   2.43472  -2.96881 
   2.33119  -2.94564 
   2.15526  -2.66307 
   2.37410  -2.90481 
   2.44342  -3.13119 
   2.15266  -2.82033 
   2.23801  -2.75063 
   2.57502  -3.26795 
   2.28510  -2.92690 
   2.75572  -3.38895 
   2.45465  -2.99986 
   2.14004  -2.50291 
   2.39445  -3.10296 
   2.62786  -3.44290 
   2.63785  -3.30574 
   2.25145  -2.70953 
   2.46746  -3.30927 
   2.49914  -3.11935 
   2.53018  -3.21623 
   2.53665  -3.22166 
   2.34788  -3.03848 
   2.69412  -3.38846 
   2.11041  -2.65715 
   2.21572  -2.86378 
   2.39721  -2.98425 
   2.37322  -2.90487 
   2.37839  -2.94645 
   2.12170  -2.59567 
   2.55397  -3.31675 
   2.38020  -2.93024 
   2.48063  -3.34868 
   2.51994  -3.13927 
   2.59846  -3.40509 
   2.34471  -2.95843 
   2.39211  -2.89370 
   2.63124  -3.43882 
   2.36313  -3.05815 
   2.26268  -2.91304 
   2.13197  -2.78500 
   2.27798  -2.83661 
   2.48952  -3.17860 
   2.31419  -2.78121 
   2.02434  -2.45277 
   2.26044  -2.78963 
   1.98489  -2.13357 
   2.37519  -2.80169 
   2.46721  -3.23476 
   2.36702  -2.80352 
   2.52130  -3.25726 
   2.59494  -3.15011 
   2.34318  -2.94194 
   2.11002  -2.51431 
   2.17097  -2.79778 
   2.54380  -3.22204 
   2.67384  -3.41889 
   2.09417  -2.61393 
   2.47646  -2.84200 
   2.49365  -3.12733 
   2.61971  -3.45038 
   2.89763  -3.84296 
   2.38097  -2.96432 
   2.12378  -2.64099 
   2.54192  -3.07022 
   2.29323  -2.90196 
   2.51120  -3.15356 
   2.17410  -2.76508 
   2.01986  -2.42027 
   2.47749  -3.07721 
   2.67609  -3.44320 
   2.21629  -2.73472 
   2.81122  -3.74024 
   2.65845  -3.26756 
   2.68200  -3.34291 
   2.42730  -2.95805 
   2.15625  -2.53180 
   2.39064  -3.05135 
   2.43994  -2.90665 
   2.85925  -3.36629 
   2.35999  -2.80377 
   2.20800  -2.73650 
   2.48825  -3.06151 
   2.04101  -2.44641 
   2.67824  -3.49496 
   2.36661  -2.93957 
   2.19413  -2.58655 
   1.89928  -2.43005 
   2.30555  -2.75714 
   2.48398  -3.02781 
   2.31120  -2.78671 
   2.40104  -2.95016 
   2.74380  -3.34599 
   2.38290  -2.87214 
   2.27470  -2.76067 
   2.29174  -2.89807 
   2.79527  -3.57624 
   2.31694  -2.93794 
   2.33730  -3.03284 
   2.51886  -3.20211 
   2.42187  -2.95892 
   2.30022  -2.96846 
   2.63609  -3.30823 
   2.28048  -2.99781 
   2.17072  -2.68338 
   2.59045  -3.49789 
   2.21197  -2.79780 
   2.13099  -2.55117 
   2.46319  -3.03872 
   2.34305  -2.99371 
   1.93370  -2.33682 
   2.85752  -3.41631 
   2.22442  -2.81170 
   2.40659  -2.97804 
   2.38446  -2.83007 
   2.38925  -3.12296 
   2.33962  -3.09967 
   2.64007  -3.40930 
   2.34989  -2.94239 
   2.49017  -3.13150 
   2.12068  -2.51212 
   2.58062  -3.25757 
   2.51558  -3.18803 
   2.26600  -2.65901 
   2.27188  -2.65466 
   2.47676  -3.08208 
   2.53528  -3.17046 
   2.31863  -2.75994 
   2.58697  -3.28324 
   2.57236  -3.23966 
   2.01106  -2.53361 
   2.64807  -3.08436 
   2.15943  -2.57753 
   2.53277  -3.14061 
   2.55628  -3.11430 
   2.18357  -2.70920 
   2.08837  -2.55167 
   2.40177  -3.14625 
   2.42079  -2.97122 
   1.98009  -2.33002 
   2.78188  -3.40415 
   2.60245  -3.34839 
   2.14106  -2.68394 
   2.34834  -2.96674 
   2.24664  -2.84101 
   2.15891  -2.79376 
   2.44673  -2.89186 
   2.50940  -3.12357 
   2.41287  -2.98142 
   2.34211  -2.78740 
   2.07310  -2.60623 
   2.41531  -3.07649 
   2.48337  -2.90783 
   2.29448  -2.79409 
   2.62355  -3.41803 
   2.38088  -2.94612 
   2.31555  -2.80703 
   2.53851  -3.30176 
   2.52594  -3.09925 
   1.98486  -2.61964 
   2.51778  -3.07129 
   2.60317  -3.29912 
   2.11497  -2.55762 
   2.08952  -2.36361 
   2.51148  -3.21426 
   2.15817  -2.82592 
   2.53434  -2.95654 
   2.55056  -3.37550 
   2.22892  -2.79279 
   2.27307  -2.72254 
   2.41631  -3.02065 
   2.65417  -3.21904 
