   1.52000   0.08000   0.31000 
   1.54000   0.04000   0.45000 
   1.56000   0.02000   0.42000 
   1.58000   0.03000   0.32000 
   1.60000   0.03000   0.28000 
   1.62000   0.02000   0.47000 
   1.64000   0.06000   0.38000 
   1.66000   0.01000   0.41000 
   1.68000   0.01000   0.42000 
   1.70000   0.03000   0.33000 
   1.72000   0.05000   0.40000 
   1.74000   0.06000   0.47000 
   1.76000   0.01000   0.41000 
   1.78000   0.01000   0.36000 
   1.80000   0.03000   0.41000 
   1.82000   0.04000   0.47000 
   1.84000   0.01000   0.48000 
   1.86000   0.03000   0.41000 
   1.88000   0.07000   0.47000 
   1.90000   0.03000   0.44000 
   1.92000   0.02000   0.42000 
   1.94000   0.03000   0.44000 
   1.96000   0.02000   0.48000 
   1.98000   0.05000   0.51000 
   2.00000   0.02000   0.52000 
   2.02000   0.03000   0.49000 
   2.04000   0.06000   0.47000 
   2.06000   0.03000   0.44000 
   2.08000   0.02000   0.39000 
   2.10000   0.07000   0.41000 
   2.12000   0.06000   0.43000 
   2.14000   0.06000   0.35000 
   2.16000   0.00000   0.48000 
   2.18000   0.03000   0.41000 
   2.20000   0.03000   0.40000 
   2.22000   0.02000   0.39000 
   2.24000   0.02000   0.46000 
   2.26000   0.00000   0.38000 
   2.28000   0.03000   0.39000 
   2.30000   0.03000   0.44000 
   2.32000   0.03000   0.41000 
   2.34000   0.03000   0.38000 
   2.36000   0.01000   0.45000 
   2.38000   0.04000   0.37000 
   2.40000   0.08000   0.32000 
   2.42000   0.02000   0.35000 
   2.44000   0.08000   0.32000 
   2.46000   0.02000   0.37000 
   2.48000   0.06000   0.35000 
   2.50000   0.00000   0.31000 
   2.52000   0.05000   0.25000 
   2.54000   0.03000   0.34000 
   2.56000   0.04000   0.28000 
   2.58000   0.03000   0.38000 
   2.60000   0.03000   0.32000 
   2.62000   0.02000   0.24000 
   2.64000   0.02000   0.25000 
   2.66000   0.01000   0.25000 
   2.68000   0.05000   0.19000 
   2.70000   0.03000   0.15000 
   2.72000   0.04000   0.27000 
   2.74000   0.01000   0.20000 
   2.76000   0.07000   0.20000 
   2.78000   0.02000   0.19000 
   2.80000   0.04000   0.25000 
   2.82000   0.03000   0.20000 
   2.84000   0.05000   0.15000 
   2.86000   0.03000   0.21000 
   2.88000   0.03000   0.11000 
   2.90000   0.03000   0.10000 
   2.92000   0.02000   0.16000 
   2.94000   0.02000   0.15000 
   2.96000   0.03000   0.10000 
   2.98000   0.04000   0.12000 
   3.00000   0.04000   0.04000 
   3.02000   0.03000   0.07000 
   3.04000   0.05000   0.08000 
   3.06000   0.06000   0.05000 
   3.08000   0.04000   0.02000 
   3.10000   0.03000   0.06000 
   3.12000   0.04000   0.05000 
   3.14000   0.02000   0.05000 
   3.16000   0.01000   0.06000 
   3.18000   0.03000   0.02000 
   3.20000   0.02000   0.02000 
   3.22000   0.04000   0.03000 
   3.24000   0.02000   0.06000 
   3.26000   0.02000   0.02000 
   3.28000   0.02000   0.08000 
   3.30000   0.01000   0.02000 
   3.32000   0.02000   0.03000 
   3.34000   0.04000   0.01000 
   3.36000   0.05000   0.00000 
   3.38000   0.03000   0.04000 
   3.40000   0.05000   0.03000 
   3.42000   0.02000   0.04000 
   3.44000   0.01000   0.03000 
   3.46000   0.01000   0.02000 
   3.48000   0.00000   0.02000 
   3.50000   0.00000   0.01000 
