  -3.98000   0.04000   0.96000 
  -3.96000   0.01000   0.94000 
  -3.94000   0.01000   0.99000 
  -3.92000   0.02000   1.00000 
  -3.90000   0.04000   0.98000 
  -3.88000   0.04000   0.99000 
  -3.86000   0.03000   0.99000 
  -3.84000   0.09000   0.99000 
  -3.82000   0.02000   0.98000 
  -3.80000   0.04000   0.93000 
  -3.78000   0.03000   0.98000 
  -3.76000   0.03000   0.96000 
  -3.74000   0.05000   0.95000 
  -3.72000   0.05000   0.94000 
  -3.70000   0.03000   0.97000 
  -3.68000   0.02000   0.93000 
  -3.66000   0.05000   0.95000 
  -3.64000   0.02000   0.96000 
  -3.62000   0.07000   0.96000 
  -3.60000   0.05000   0.94000 
  -3.58000   0.04000   0.97000 
  -3.56000   0.06000   0.95000 
  -3.54000   0.02000   0.96000 
  -3.52000   0.03000   0.86000 
  -3.50000   0.06000   0.94000 
  -3.48000   0.04000   0.89000 
  -3.46000   0.03000   0.92000 
  -3.44000   0.01000   0.93000 
  -3.42000   0.05000   0.82000 
  -3.40000   0.04000   0.90000 
  -3.38000   0.02000   0.86000 
  -3.36000   0.03000   0.88000 
  -3.34000   0.03000   0.81000 
  -3.32000   0.01000   0.74000 
  -3.30000   0.04000   0.83000 
  -3.28000   0.04000   0.79000 
  -3.26000   0.06000   0.74000 
  -3.24000   0.05000   0.73000 
  -3.22000   0.01000   0.75000 
  -3.20000   0.03000   0.66000 
  -3.18000   0.04000   0.65000 
  -3.16000   0.01000   0.57000 
  -3.14000   0.03000   0.56000 
  -3.12000   0.01000   0.53000 
  -3.10000   0.01000   0.54000 
  -3.08000   0.05000   0.44000 
  -3.06000   0.02000   0.47000 
  -3.04000   0.06000   0.52000 
  -3.02000   0.04000   0.40000 
  -3.00000   0.04000   0.38000 
  -2.98000   0.04000   0.32000 
  -2.96000   0.02000   0.30000 
  -2.94000   0.02000   0.32000 
  -2.92000   0.01000   0.23000 
  -2.90000   0.00000   0.23000 
  -2.88000   0.03000   0.24000 
  -2.86000   0.04000   0.25000 
  -2.84000   0.05000   0.13000 
  -2.82000   0.01000   0.18000 
  -2.80000   0.02000   0.10000 
  -2.78000   0.02000   0.10000 
  -2.76000   0.02000   0.14000 
  -2.74000   0.05000   0.08000 
  -2.72000   0.08000   0.06000 
  -2.70000   0.02000   0.06000 
  -2.68000   0.02000   0.06000 
  -2.66000   0.00000   0.05000 
  -2.64000   0.01000   0.03000 
  -2.62000   0.01000   0.01000 
  -2.60000   0.03000   0.00000 
  -2.58000   0.02000   0.06000 
  -2.56000   0.06000   0.01000 
  -2.54000   0.01000   0.02000 
  -2.52000   0.03000   0.01000 
  -2.50000   0.01000   0.01000 
  -2.48000   0.04000   0.00000 
  -2.46000   0.03000   0.00000 
  -2.44000   0.02000   0.00000 
  -2.42000   0.07000   0.01000 
  -2.40000   0.05000   0.00000 
  -2.38000   0.03000   0.00000 
  -2.36000   0.05000   0.01000 
  -2.34000   0.01000   0.02000 
  -2.32000   0.02000   0.03000 
  -2.30000   0.04000   0.02000 
  -2.28000   0.05000   0.02000 
  -2.26000   0.04000   0.02000 
  -2.24000   0.02000   0.00000 
  -2.22000   0.06000   0.03000 
  -2.20000   0.03000   0.01000 
  -2.18000   0.04000   0.02000 
  -2.16000   0.01000   0.04000 
  -2.14000   0.04000   0.02000 
  -2.12000   0.04000   0.02000 
  -2.10000   0.01000   0.01000 
  -2.08000   0.05000   0.01000 
  -2.06000   0.02000   0.02000 
  -2.04000   0.03000   0.01000 
  -2.02000   0.00000   0.04000 
  -2.00000   0.05000   0.02000 
